"Postcode","Total","Males","Females","Occupied_Households"
"AL1 1AG",14,6,8,6
"AL1 1AJ",124,60,64,51
"AL1 1AR",32,17,15,17
"AL1 1AS",34,17,17,13
"AL1 1BH",52,15,37,41
"AL1 1BX",54,26,28,19
"AL1 1BY",18,9,9,5
"AL1 1BZ",18,11,7,12
"AL1 1DG",24,10,14,8
"AL1 1DH",33,18,15,18
"AL1 1DQ",9,7,2,5
"AL1 1DS",8,2,6,2
"AL1 1DU",81,45,36,27
"AL1 1DW",12,7,5,5
"AL1 1DX",19,9,10,6
"AL1 1DZ",7,4,3,3
"AL1 1EA",63,32,31,19
"AL1 1EB",4,1,3,1
"AL1 1EE",10,5,5,4
"AL1 1ER",2,2,0,1
"AL1 1EU",7,5,2,4
"AL1 1EZ",1,1,0,0
"AL1 1HA",17,9,8,7
"AL1 1HB",3,1,2,2
"AL1 1HF",51,27,24,23
"AL1 1HH",4,3,1,2
"AL1 1HL",8,4,4,3
"AL1 1HN",20,10,10,9
"AL1 1HP",9,5,4,2
"AL1 1HQ",6,4,2,5
"AL1 1HR",18,8,10,12
"AL1 1HU",16,8,8,5
"AL1 1HW",102,46,56,40
"AL1 1HY",51,23,28,16
"AL1 1JA",15,6,9,6
"AL1 1JE",33,19,14,16
"AL1 1JG",1,1,0,1
"AL1 1JH",16,10,6,5
"AL1 1JJ",71,33,38,22
"AL1 1JL",56,27,29,19
"AL1 1JN",17,11,6,6
"AL1 1JP",63,28,35,26
"AL1 1JQ",50,31,19,22
"AL1 1JR",30,14,16,14
"AL1 1JS",56,29,27,28
"AL1 1JT",25,12,13,8
"AL1 1JU",14,9,5,9
"AL1 1JW",40,20,20,15
"AL1 1LA",23,9,14,11
"AL1 1LB",93,52,41,51
"AL1 1LE",6,5,1,2
"AL1 1LJ",7,2,5,3
"AL1 1LS",16,5,11,7
"AL1 1LT",23,9,14,14
"AL1 1LZ",4,2,2,3
"AL1 1NB",65,32,33,34
"AL1 1ND",24,11,13,15
"AL1 1NE",51,26,25,25
"AL1 1NF",103,54,49,45
"AL1 1NG",27,13,14,12
"AL1 1NH",18,9,9,9
"AL1 1NJ",9,5,4,4
"AL1 1NL",24,12,12,14
"AL1 1NN",8,5,3,6
"AL1 1NQ",1,1,0,1
"AL1 1NU",28,15,13,17
"AL1 1NX",39,22,17,23
"AL1 1PA",34,13,21,14
"AL1 1PB",33,17,16,22
"AL1 1PD",48,29,19,26
"AL1 1PF",89,46,43,33
"AL1 1PG",48,20,28,20
"AL1 1PJ",3,2,1,2
"AL1 1PL",26,12,14,12
"AL1 1PP",21,9,12,15
"AL1 1PQ",24,15,9,16
"AL1 1PR",23,15,8,11
"AL1 1PS",19,8,11,8
"AL1 1PT",7,4,3,5
"AL1 1PU",33,18,15,16
"AL1 1PW",10,8,2,4
"AL1 1PX",35,23,12,20
"AL1 1QA",16,9,7,6
"AL1 1QB",23,11,12,12
"AL1 1QD",51,19,32,24
"AL1 1QE",21,12,9,8
"AL1 1QF",19,11,8,12
"AL1 1QH",9,4,5,5
"AL1 1QJ",1,1,0,1
"AL1 1QL",5,2,3,2
"AL1 1QN",6,2,4,3
"AL1 1QQ",18,8,10,7
"AL1 1QU",5,2,3,2
"AL1 1QW",99,50,49,56
"AL1 1RB",39,23,16,24
"AL1 1RD",45,22,23,16
"AL1 1RF",59,32,27,27
"AL1 1RG",2,1,1,1
"AL1 1RH",62,25,37,34
"AL1 1RJ",40,19,21,19
"AL1 1RL",3,2,1,2
"AL1 1RN",74,42,32,41
"AL1 1RP",28,13,15,23
"AL1 1RQ",30,15,15,18
"AL1 1RR",17,9,8,6
"AL1 1RS",7,4,3,5
"AL1 1RT",41,22,19,20
"AL1 1RU",93,44,49,49
"AL1 1RW",41,22,19,16
"AL1 1RX",13,8,5,6
"AL1 1RY",26,14,12,13
"AL1 1RZ",62,32,30,29
"AL1 1SD",93,43,50,40
"AL1 1SE",80,45,35,30
"AL1 1SF",70,35,35,35
"AL1 1SG",17,10,7,11
"AL1 1SH",42,17,25,15
"AL1 1SJ",21,9,12,7
"AL1 1SL",18,6,12,11
"AL1 1SN",76,36,40,28
"AL1 1SP",22,12,10,10
"AL1 1SQ",65,32,33,26
"AL1 1SR",29,14,15,9
"AL1 1SS",13,7,6,9
"AL1 1ST",12,6,6,8
"AL1 1SU",3,1,2,3
"AL1 1SW",76,39,37,29
"AL1 1SX",10,4,6,8
"AL1 1SZ",9,4,5,3
"AL1 1TA",73,25,48,11
"AL1 1TB",31,15,16,15
"AL1 1TD",40,21,19,24
"AL1 1TE",51,27,24,16
"AL1 1TF",21,11,10,5
"AL1 1TG",47,24,23,20
"AL1 1TH",22,11,11,7
"AL1 1TJ",14,9,5,2
"AL1 1TN",60,39,21,23
"AL1 1TP",62,31,31,25
"AL1 1TS",56,27,29,32
"AL1 1TT",32,16,16,20
"AL1 1TU",49,26,23,19
"AL1 1TW",142,77,65,68
"AL1 1TX",69,32,37,37
"AL1 1TY",16,7,9,6
"AL1 1TZ",10,3,7,7
"AL1 1UA",40,22,18,16
"AL1 1UB",44,20,24,12
"AL1 1UD",71,30,41,33
"AL1 1UE",31,15,16,11
"AL1 1UF",47,21,26,22
"AL1 1UG",37,18,19,15
"AL1 1UH",103,51,52,45
"AL1 1UJ",37,19,18,17
"AL1 1UL",23,13,10,13
"AL1 1UN",22,10,12,9
"AL1 1UP",41,22,19,22
"AL1 1UQ",37,17,20,14
"AL1 1UR",21,8,13,12
"AL1 1UT",62,29,33,29
"AL1 1UU",98,52,46,43
"AL1 1UW",55,26,29,21
"AL1 1UX",17,12,5,6
"AL1 1UZ",11,3,8,4
"AL1 1XL",35,16,19,13
"AL1 1XT",17,9,8,16
"AL1 1XU",49,28,21,30
"AL1 2AA",10,4,6,5
"AL1 2AD",17,9,8,5
"AL1 2AE",62,32,30,26
"AL1 2AF",4,2,2,2
"AL1 2AH",20,10,10,8
"AL1 2AJ",43,21,22,17
"AL1 2AL",38,22,16,15
"AL1 2AN",11,4,7,8
"AL1 2AP",13,6,7,8
"AL1 2AQ",17,9,8,6
"AL1 2AR",2,1,1,1
"AL1 2AS",11,4,7,5
"AL1 2AT",93,52,41,33
"AL1 2AU",59,27,32,22
"AL1 2AW",8,4,4,6
"AL1 2AX",95,50,45,40
"AL1 2AY",22,10,12,8
"AL1 2AZ",89,48,41,33
"AL1 2BA",41,19,22,17
"AL1 2BB",35,16,19,13
"AL1 2BD",80,36,44,37
"AL1 2BE",52,22,30,17
"AL1 2BG",45,19,26,20
"AL1 2BH",28,11,17,10
"AL1 2BJ",32,18,14,13
"AL1 2BL",74,41,33,27
"AL1 2BN",18,9,9,7
"AL1 2BP",28,13,15,12
"AL1 2BQ",13,7,6,7
"AL1 2BS",65,30,35,26
"AL1 2BT",37,21,16,12
"AL1 2BW",13,6,7,8
"AL1 2BX",12,7,5,8
"AL1 2BY",30,14,16,14
"AL1 2DN",4,2,2,2
"AL1 2DP",38,18,20,20
"AL1 2DS",7,4,3,3
"AL1 2DT",49,27,22,22
"AL1 2DU",38,18,20,26
"AL1 2DX",47,20,27,33
"AL1 2ED",58,30,28,32
"AL1 2EF",34,13,21,18
"AL1 2EN",7,2,5,2
"AL1 2EP",75,32,43,23
"AL1 2ER",13,6,7,4
"AL1 2ES",3,1,2,1
"AL1 2ET",80,38,42,31
"AL1 2EW",26,14,12,10
"AL1 2EX",75,41,34,26
"AL1 2EY",22,10,12,7
"AL1 2EZ",40,17,23,22
"AL1 2HE",4,2,2,2
"AL1 2HH",4,2,2,1
"AL1 2HJ",65,33,32,23
"AL1 2HL",3,3,0,1
"AL1 2HN",8,1,7,4
"AL1 2HP",127,65,62,49
"AL1 2HR",66,35,31,25
"AL1 2HS",71,39,32,27
"AL1 2HT",23,12,11,7
"AL1 2HU",79,37,42,28
"AL1 2HW",5,3,2,2
"AL1 2HX",10,4,6,6
"AL1 2HY",4,1,3,1
"AL1 2HZ",51,27,24,21
"AL1 2JA",43,21,22,14
"AL1 2JB",29,13,16,7
"AL1 2JD",13,6,7,10
"AL1 2JE",9,5,4,4
"AL1 2JF",28,10,18,17
"AL1 2JG",41,19,22,13
"AL1 2JH",25,15,10,8
"AL1 2JJ",61,31,30,21
"AL1 2JL",46,24,22,14
"AL1 2JN",6,3,3,1
"AL1 2JP",37,17,20,18
"AL1 2JR",59,28,31,19
"AL1 2JS",93,49,44,30
"AL1 2JT",23,11,12,5
"AL1 2JU",28,11,17,19
"AL1 2JW",27,9,18,9
"AL1 2JX",116,56,60,45
"AL1 2JY",27,10,17,8
"AL1 2JZ",86,47,39,40
"AL1 2LA",59,29,30,17
"AL1 2LB",36,17,19,19
"AL1 2LD",33,13,20,13
"AL1 2LF",25,12,13,7
"AL1 2LG",53,28,25,18
"AL1 2LH",81,41,40,27
"AL1 2LJ",20,11,9,8
"AL1 2LL",33,15,18,17
"AL1 2LN",40,19,21,11
"AL1 2LP",24,13,11,8
"AL1 2LQ",80,43,37,23
"AL1 2LR",63,31,32,14
"AL1 2LS",55,28,27,15
"AL1 2LT",27,13,14,10
"AL1 2LU",25,13,12,8
"AL1 2LW",22,13,9,12
"AL1 2LX",19,7,12,4
"AL1 2LY",93,56,37,52
"AL1 2LZ",52,31,21,25
"AL1 2NA",31,22,9,24
"AL1 2NE",20,9,11,9
"AL1 2NF",95,46,49,32
"AL1 2NG",87,39,48,27
"AL1 2NH",25,14,11,7
"AL1 2NJ",69,32,37,28
"AL1 2NL",99,44,55,38
"AL1 2NN",31,16,15,16
"AL1 2NP",38,22,16,19
"AL1 2NQ",99,54,45,28
"AL1 2NR",27,13,14,10
"AL1 2NS",64,26,38,31
"AL1 2NT",36,14,22,18
"AL1 2NW",37,8,29,0
"AL1 2NX",49,21,28,20
"AL1 2NY",97,48,49,31
"AL1 2NZ",15,5,10,8
"AL1 2PA",122,61,61,48
"AL1 2PB",56,10,46,0
"AL1 2PD",5,3,2,1
"AL1 2PE",19,11,8,6
"AL1 2PF",69,32,37,26
"AL1 2PG",37,20,17,16
"AL1 2PH",187,92,95,42
"AL1 2PJ",105,52,53,32
"AL1 2PL",12,5,7,6
"AL1 2PN",26,8,18,24
"AL1 2PP",107,54,53,56
"AL1 2PQ",22,10,12,7
"AL1 2PT",10,3,7,3
"AL1 2PU",23,11,12,12
"AL1 2PW",12,2,10,6
"AL1 2PX",15,7,8,8
"AL1 2PY",88,45,43,23
"AL1 2QB",35,18,17,11
"AL1 2QD",83,43,40,28
"AL1 2QE",13,5,8,3
"AL1 2QF",62,36,26,18
"AL1 2QG",28,13,15,10
"AL1 2QH",69,34,35,28
"AL1 2QJ",47,25,22,23
"AL1 2QL",73,35,38,34
"AL1 2QN",7,5,2,3
"AL1 2QP",42,18,24,26
"AL1 2QQ",9,4,5,5
"AL1 2QR",51,23,28,27
"AL1 2QS",60,30,30,31
"AL1 2QT",45,23,22,28
"AL1 2QW",22,9,13,14
"AL1 2QY",9,5,4,6
"AL1 2RA",46,24,22,26
"AL1 2RB",45,21,24,20
"AL1 2RH",30,12,18,13
"AL1 3AE",42,23,19,26
"AL1 3AF",48,21,27,17
"AL1 3AG",57,28,29,26
"AL1 3AJ",11,5,6,6
"AL1 3AP",4,2,2,1
"AL1 3AQ",65,31,34,30
"AL1 3AR",58,30,28,34
"AL1 3AT",20,11,9,6
"AL1 3AU",60,33,27,28
"AL1 3AX",5,2,3,3
"AL1 3AY",2,2,0,2
"AL1 3AZ",50,28,22,26
"AL1 3BA",13,7,6,8
"AL1 3BB",50,24,26,26
"AL1 3BD",43,23,20,20
"AL1 3BE",9,1,8,5
"AL1 3BG",8,3,5,6
"AL1 3BH",51,29,22,22
"AL1 3BL",36,15,21,16
"AL1 3BP",122,62,60,58
"AL1 3BQ",36,18,18,16
"AL1 3BS",31,19,12,20
"AL1 3BT",14,9,5,6
"AL1 3BU",13,6,7,6
"AL1 3BW",11,6,5,5
"AL1 3BX",17,8,9,7
"AL1 3BY",24,9,15,12
"AL1 3BZ",26,11,15,11
"AL1 3DG",25,12,13,14
"AL1 3EH",16,8,8,12
"AL1 3EL",14,6,8,9
"AL1 3EN",12,8,4,8
"AL1 3ES",23,11,12,9
"AL1 3ET",10,5,5,3
"AL1 3EU",6,3,3,6
"AL1 3EZ",9,4,5,4
"AL1 3FH",19,9,10,12
"AL1 3FJ",120,62,58,65
"AL1 3FL",77,36,41,40
"AL1 3FN",24,13,11,15
"AL1 3FP",8,6,2,6
"AL1 3FR",8,4,4,6
"AL1 3FS",24,12,12,14
"AL1 3FT",15,8,7,11
"AL1 3FW",16,7,9,11
"AL1 3FX",18,11,7,11
"AL1 3GF",25,12,13,14
"AL1 3GG",38,22,16,16
"AL1 3GH",25,12,13,17
"AL1 3GJ",13,8,5,8
"AL1 3GL",18,8,10,14
"AL1 3GP",28,10,18,17
"AL1 3GQ",1,1,0,1
"AL1 3HA",6,5,1,5
"AL1 3HB",3,1,2,2
"AL1 3HE",10,4,6,5
"AL1 3HG",16,7,9,9
"AL1 3HP",9,5,4,6
"AL1 3JB",1,1,0,1
"AL1 3JJ",2,1,1,1
"AL1 3JX",11,10,1,0
"AL1 3LQ",22,13,9,14
"AL1 3LW",12,7,5,8
"AL1 3LZ",19,10,9,13
"AL1 3NF",2,2,0,1
"AL1 3NL",10,3,7,10
"AL1 3NN",21,8,13,18
"AL1 3NR",9,6,3,6
"AL1 3NS",62,38,24,38
"AL1 3NU",21,13,8,14
"AL1 3NZ",8,4,4,4
"AL1 3PB",83,44,39,30
"AL1 3PD",41,20,21,23
"AL1 3PE",88,40,48,43
"AL1 3PF",19,9,10,11
"AL1 3PG",24,13,11,7
"AL1 3PH",25,15,10,10
"AL1 3PJ",12,6,6,7
"AL1 3PL",17,10,7,8
"AL1 3PN",14,7,7,7
"AL1 3PP",13,8,5,5
"AL1 3PQ",17,10,7,6
"AL1 3PR",23,9,14,5
"AL1 3PS",53,30,23,26
"AL1 3PT",16,13,3,1
"AL1 3PW",15,7,8,5
"AL1 3PX",9,3,6,5
"AL1 3PY",17,9,8,6
"AL1 3PZ",77,37,40,28
"AL1 3QA",23,14,9,12
"AL1 3QB",34,15,19,10
"AL1 3QD",16,7,9,8
"AL1 3QE",18,9,9,11
"AL1 3QF",22,8,14,11
"AL1 3QG",51,23,28,25
"AL1 3QH",19,6,13,10
"AL1 3QJ",12,4,8,8
"AL1 3QL",18,9,9,8
"AL1 3QN",20,12,8,8
"AL1 3QP",14,5,9,5
"AL1 3QQ",22,11,11,9
"AL1 3QR",17,7,10,7
"AL1 3QS",23,13,10,13
"AL1 3QT",39,18,21,20
"AL1 3QU",15,6,9,8
"AL1 3QW",13,7,6,6
"AL1 3QX",12,6,6,8
"AL1 3QY",26,13,13,15
"AL1 3QZ",19,9,10,12
"AL1 3RB",49,32,17,22
"AL1 3RD",47,19,28,25
"AL1 3RE",32,13,19,18
"AL1 3RF",23,13,10,7
"AL1 3RG",34,19,15,26
"AL1 3RL",1,1,0,1
"AL1 3RP",5,2,3,3
"AL1 3RR",2,1,1,1
"AL1 3RT",24,9,15,23
"AL1 3RU",13,6,7,7
"AL1 3RW",36,19,17,34
"AL1 3RY",68,35,33,31
"AL1 3RZ",2,1,1,2
"AL1 3SA",34,18,16,12
"AL1 3SB",54,24,30,21
"AL1 3SD",21,6,15,12
"AL1 3SF",14,5,9,6
"AL1 3SH",18,9,9,14
"AL1 3SP",36,15,21,7
"AL1 3SQ",4,4,0,4
"AL1 3SR",4,1,3,1
"AL1 3ST",22,13,9,6
"AL1 3SY",8,4,4,5
"AL1 3TA",7,6,1,5
"AL1 3TB",5,1,4,3
"AL1 3TE",1,0,1,1
"AL1 3TG",43,21,22,24
"AL1 3TH",10,6,4,6
"AL1 3TJ",29,16,13,18
"AL1 3TL",11,5,6,5
"AL1 3TT",7,6,1,3
"AL1 3TU",14,11,3,2
"AL1 3TX",35,18,17,12
"AL1 3UA",12,9,3,4
"AL1 3UD",53,33,20,16
"AL1 3UG",26,12,14,13
"AL1 3UH",14,8,6,4
"AL1 3UJ",52,22,30,18
"AL1 3UN",48,22,26,22
"AL1 3UQ",26,13,13,16
"AL1 3WA",48,32,16,28
"AL1 3XB",12,7,5,5
"AL1 3XF",20,14,6,1
"AL1 3XG",14,6,8,6
"AL1 3XH",3,2,1,2
"AL1 3XL",69,36,33,28
"AL1 3XQ",30,14,16,17
"AL1 3XR",14,6,8,9
"AL1 3XT",113,60,53,63
"AL1 3XU",69,21,48,59
"AL1 3XW",86,49,37,46
"AL1 3XX",5,2,3,2
"AL1 3XZ",1,1,0,1
"AL1 3YJ",19,8,11,14
"AL1 3YS",22,10,12,16
"AL1 3YT",12,4,8,6
"AL1 4AA",1,1,0,1
"AL1 4AB",13,5,8,4
"AL1 4AD",81,40,41,27
"AL1 4AE",19,12,7,9
"AL1 4AG",44,24,20,18
"AL1 4AH",74,37,37,27
"AL1 4AJ",24,14,10,7
"AL1 4AL",63,30,33,27
"AL1 4AN",18,8,10,6
"AL1 4AP",65,32,33,32
"AL1 4AQ",73,30,43,26
"AL1 4AR",63,34,29,25
"AL1 4AS",63,33,30,25
"AL1 4AT",32,14,18,11
"AL1 4AU",6,4,2,3
"AL1 4AX",35,22,13,13
"AL1 4BA",8,3,5,4
"AL1 4BE",23,12,11,7
"AL1 4BG",57,21,36,19
"AL1 4BH",18,10,8,6
"AL1 4BJ",22,12,10,7
"AL1 4BL",13,4,9,6
"AL1 4BN",19,10,9,7
"AL1 4BP",5,1,4,3
"AL1 4BQ",57,25,32,18
"AL1 4BS",11,5,6,6
"AL1 4BT",12,6,6,7
"AL1 4BW",22,9,13,7
"AL1 4BY",15,6,9,9
"AL1 4DA",38,20,18,12
"AL1 4DB",66,33,33,21
"AL1 4DD",90,38,52,26
"AL1 4DF",1,1,0,1
"AL1 4DG",7,3,4,2
"AL1 4DH",71,33,38,26
"AL1 4DJ",32,15,17,17
"AL1 4DL",94,48,46,35
"AL1 4DN",100,47,53,41
"AL1 4DP",75,37,38,27
"AL1 4DQ",81,41,40,38
"AL1 4DS",58,31,27,23
"AL1 4DW",57,27,30,26
"AL1 4DX",31,16,15,18
"AL1 4DY",5,3,2,2
"AL1 4DZ",16,5,11,8
"AL1 4EA",10,5,5,6
"AL1 4EB",114,51,63,52
"AL1 4ED",103,50,53,45
"AL1 4EE",124,63,61,57
"AL1 4EF",23,10,13,14
"AL1 4EJ",12,6,6,9
"AL1 4EL",63,31,32,27
"AL1 4EP",77,39,38,27
"AL1 4ER",37,16,21,14
"AL1 4ES",78,39,39,25
"AL1 4ET",111,50,61,37
"AL1 4EU",8,3,5,6
"AL1 4EW",15,8,7,3
"AL1 4EX",10,3,7,2
"AL1 4EY",80,39,41,24
"AL1 4EZ",9,4,5,5
"AL1 4FH",21,9,12,12
"AL1 4FJ",21,10,11,8
"AL1 4FL",10,3,7,5
"AL1 4GL",18,9,9,10
"AL1 4HA",76,38,38,33
"AL1 4HD",6,3,3,1
"AL1 4HE",53,26,27,30
"AL1 4HF",19,9,10,9
"AL1 4HG",11,5,6,4
"AL1 4HH",71,35,36,23
"AL1 4HJ",69,34,35,22
"AL1 4HL",10,3,7,3
"AL1 4HN",2,1,1,1
"AL1 4HQ",46,26,20,15
"AL1 4HW",5,3,2,1
"AL1 4HY",39,19,20,19
"AL1 4JA",7,5,2,5
"AL1 4JD",17,9,8,9
"AL1 4JE",30,15,15,12
"AL1 4JG",44,25,19,20
"AL1 4JH",41,24,17,9
"AL1 4JL",23,15,8,9
"AL1 4JP",69,31,38,22
"AL1 4JR",98,43,55,27
"AL1 4JS",56,36,20,33
"AL1 4JT",74,37,37,22
"AL1 4JU",78,33,45,24
"AL1 4JW",63,31,32,32
"AL1 4JZ",61,32,29,20
"AL1 4LA",69,32,37,21
"AL1 4LB",24,13,11,11
"AL1 4LE",83,43,40,25
"AL1 4LF",74,32,42,20
"AL1 4LG",22,14,8,14
"AL1 4LH",7,3,4,3
"AL1 4LQ",24,12,12,8
"AL1 4LR",14,9,5,11
"AL1 4LU",1,1,0,1
"AL1 4LW",12,6,6,5
"AL1 4NE",37,19,18,15
"AL1 4NF",1,1,0,1
"AL1 4NG",121,60,61,42
"AL1 4NH",11,6,5,3
"AL1 4NJ",41,23,18,15
"AL1 4NL",38,18,20,16
"AL1 4NN",22,12,10,5
"AL1 4NP",42,21,21,17
"AL1 4NQ",47,25,22,20
"AL1 4NR",44,21,23,12
"AL1 4NS",63,31,32,20
"AL1 4NT",78,33,45,22
"AL1 4NU",27,17,10,7
"AL1 4NW",41,17,24,13
"AL1 4NX",30,16,14,10
"AL1 4NY",53,24,29,19
"AL1 4NZ",15,6,9,5
"AL1 4PA",28,14,14,7
"AL1 4PB",65,34,31,24
"AL1 4PD",15,8,7,6
"AL1 4PF",19,8,11,11
"AL1 4PL",81,40,41,22
"AL1 4PN",19,11,8,8
"AL1 4PP",29,14,15,9
"AL1 4PS",50,26,24,12
"AL1 4PT",38,20,18,11
"AL1 4PU",36,20,16,15
"AL1 4PW",20,10,10,8
"AL1 4PX",38,17,21,16
"AL1 4PY",85,47,38,29
"AL1 4PZ",104,47,57,34
"AL1 4QA",37,20,17,11
"AL1 4QB",54,33,21,16
"AL1 4QD",47,26,21,15
"AL1 4QE",36,20,16,18
"AL1 4QF",38,16,22,14
"AL1 4QG",20,12,8,7
"AL1 4QH",57,27,30,22
"AL1 4QJ",65,32,33,25
"AL1 4QL",12,4,8,4
"AL1 4QN",74,28,46,39
"AL1 4QQ",57,27,30,19
"AL1 4QR",12,7,5,7
"AL1 4QU",97,51,46,34
"AL1 4QW",88,42,46,28
"AL1 4QX",76,40,36,24
"AL1 4QY",85,42,43,25
"AL1 4QZ",13,6,7,6
"AL1 4RA",5,3,2,1
"AL1 4RB",55,29,26,20
"AL1 4RD",60,32,28,22
"AL1 4RE",17,5,12,5
"AL1 4RF",19,10,9,5
"AL1 4RG",13,6,7,4
"AL1 4RH",27,15,12,8
"AL1 4RJ",112,56,56,36
"AL1 4RL",112,56,56,36
"AL1 4RQ",28,13,15,12
"AL1 4RS",56,29,27,15
"AL1 4RT",31,14,17,9
"AL1 4RU",48,21,27,19
"AL1 4RX",70,32,38,22
"AL1 4RY",95,50,45,30
"AL1 4RZ",4,1,3,2
"AL1 4SA",1,0,1,1
"AL1 4SB",10,5,5,3
"AL1 4SD",72,37,35,21
"AL1 4SE",41,24,17,16
"AL1 4SF",60,25,35,20
"AL1 4SG",57,27,30,22
"AL1 4SH",32,19,13,20
"AL1 4SJ",37,16,21,22
"AL1 4SL",43,18,25,14
"AL1 4SN",42,21,21,15
"AL1 4SQ",50,24,26,18
"AL1 4SW",24,12,12,8
"AL1 4SY",16,10,6,9
"AL1 4SZ",117,54,63,50
"AL1 4TB",7,5,2,3
"AL1 4TF",24,10,14,12
"AL1 4TG",42,19,23,21
"AL1 4TH",15,8,7,5
"AL1 4TJ",90,46,44,23
"AL1 4TL",32,17,15,12
"AL1 4TN",47,22,25,12
"AL1 4TP",62,34,28,22
"AL1 4TQ",13,8,5,4
"AL1 4TR",85,47,38,32
"AL1 4TS",95,52,43,33
"AL1 4TT",15,8,7,5
"AL1 4TU",78,38,40,27
"AL1 4TW",34,17,17,9
"AL1 4TX",19,9,10,8
"AL1 4TY",52,24,28,22
"AL1 4TZ",54,31,23,17
"AL1 4UA",22,10,12,8
"AL1 4UB",59,29,30,19
"AL1 4UD",23,10,13,10
"AL1 4UE",29,14,15,13
"AL1 4UN",134,74,60,62
"AL1 4UR",43,25,18,16
"AL1 4UT",63,29,34,24
"AL1 4UU",40,20,20,13
"AL1 4UX",80,41,39,24
"AL1 4UZ",10,5,5,3
"AL1 4XA",45,21,24,16
"AL1 4XB",52,28,24,16
"AL1 4XD",13,6,7,5
"AL1 4XE",74,39,35,22
"AL1 4XF",25,13,12,7
"AL1 4XG",70,31,39,27
"AL1 4XP",31,15,16,10
"AL1 4XR",65,32,33,24
"AL1 4XS",8,3,5,4
"AL1 4XT",9,4,5,4
"AL1 4XU",83,39,44,34
"AL1 4XX",32,16,16,10
"AL1 4XY",20,10,10,6
"AL1 4XZ",98,47,51,32
"AL1 4YA",66,33,33,23
"AL1 4YD",2,0,2,1
"AL1 5AA",40,19,21,16
"AL1 5AB",92,44,48,32
"AL1 5AD",57,21,36,20
"AL1 5AE",56,29,27,35
"AL1 5AF",39,19,20,10
"AL1 5AG",93,43,50,37
"AL1 5AH",56,31,25,28
"AL1 5AJ",10,6,4,4
"AL1 5AL",43,18,25,14
"AL1 5AN",34,17,17,12
"AL1 5AP",68,32,36,29
"AL1 5AQ",28,13,15,12
"AL1 5AS",13,6,7,3
"AL1 5AT",123,56,67,62
"AL1 5AW",66,39,27,25
"AL1 5AX",41,17,24,31
"AL1 5AY",55,32,23,34
"AL1 5BA",34,14,20,25
"AL1 5BD",7,1,6,4
"AL1 5BE",68,31,37,30
"AL1 5BJ",23,14,9,14
"AL1 5BL",129,70,59,45
"AL1 5BP",17,10,7,10
"AL1 5BQ",18,11,7,15
"AL1 5BU",26,19,7,19
"AL1 5BW",28,7,21,24
"AL1 5BX",85,39,46,32
"AL1 5BY",76,35,41,26
"AL1 5DA",54,29,25,16
"AL1 5DB",95,44,51,29
"AL1 5DD",142,68,74,53
"AL1 5DE",22,11,11,9
"AL1 5DF",2,1,1,1
"AL1 5DG",59,23,36,25
"AL1 5DH",59,30,29,23
"AL1 5DJ",31,15,16,15
"AL1 5DL",72,37,35,26
"AL1 5DN",18,9,9,12
"AL1 5DQ",111,57,54,46
"AL1 5DR",20,11,9,11
"AL1 5DW",39,22,17,17
"AL1 5DX",73,40,33,29
"AL1 5DY",39,22,17,14
"AL1 5DZ",37,16,21,15
"AL1 5EA",18,9,9,11
"AL1 5EB",69,36,33,26
"AL1 5ED",10,5,5,4
"AL1 5EE",63,31,32,32
"AL1 5EF",74,37,37,33
"AL1 5EG",14,7,7,6
"AL1 5EH",5,3,2,2
"AL1 5EJ",37,19,18,15
"AL1 5EL",48,28,20,18
"AL1 5EN",68,35,33,26
"AL1 5EP",9,5,4,2
"AL1 5EQ",6,3,3,5
"AL1 5ES",106,56,50,35
"AL1 5ET",67,32,35,22
"AL1 5EU",36,22,14,12
"AL1 5EW",11,5,6,3
"AL1 5EX",66,34,32,26
"AL1 5EY",75,37,38,32
"AL1 5EZ",22,12,10,8
"AL1 5FG",47,21,26,19
"AL1 5FH",71,36,35,42
"AL1 5FJ",23,11,12,6
"AL1 5FL",3,2,1,2
"AL1 5FN",18,6,12,5
"AL1 5FP",16,10,6,5
"AL1 5FW",4,2,2,2
"AL1 5GA",11,6,5,5
"AL1 5GW",7,5,2,5
"AL1 5GX",9,5,4,4
"AL1 5GY",4,1,3,3
"AL1 5GZ",9,5,4,4
"AL1 5HA",211,106,105,71
"AL1 5HB",208,113,95,61
"AL1 5HG",20,11,9,16
"AL1 5HL",22,15,7,10
"AL1 5HQ",36,18,18,15
"AL1 5HR",5,3,2,2
"AL1 5HS",102,50,52,34
"AL1 5HT",9,3,6,7
"AL1 5HU",59,31,28,42
"AL1 5HW",3,2,1,2
"AL1 5HZ",67,32,35,17
"AL1 5JA",81,36,45,24
"AL1 5JB",60,28,32,21
"AL1 5JD",81,40,41,26
"AL1 5JE",40,18,22,11
"AL1 5JF",31,22,9,25
"AL1 5JJ",80,46,34,26
"AL1 5JL",54,24,30,20
"AL1 5JN",97,46,51,52
"AL1 5JP",59,30,29,20
"AL1 5JQ",32,19,13,12
"AL1 5JS",132,62,70,34
"AL1 5JW",31,15,16,13
"AL1 5JX",48,22,26,17
"AL1 5JY",30,12,18,12
"AL1 5JZ",2,1,1,1
"AL1 5LA",20,11,9,8
"AL1 5LB",27,16,11,12
"AL1 5LD",70,32,38,26
"AL1 5LE",35,19,16,15
"AL1 5LF",51,25,26,15
"AL1 5LG",47,25,22,20
"AL1 5LH",38,18,20,16
"AL1 5LJ",9,4,5,2
"AL1 5LL",45,16,29,22
"AL1 5LN",53,30,23,25
"AL1 5LQ",23,10,13,9
"AL1 5LX",77,46,31,21
"AL1 5LY",62,31,31,26
"AL1 5LZ",47,27,20,16
"AL1 5NA",89,45,44,30
"AL1 5NB",17,9,8,9
"AL1 5ND",83,39,44,34
"AL1 5NE",39,24,15,14
"AL1 5NF",62,33,29,27
"AL1 5NG",68,34,34,28
"AL1 5NH",16,8,8,5
"AL1 5NJ",63,32,31,29
"AL1 5NL",69,31,38,24
"AL1 5NN",15,7,8,6
"AL1 5NP",61,26,35,28
"AL1 5NQ",17,10,7,8
"AL1 5NR",41,22,19,14
"AL1 5NS",96,44,52,36
"AL1 5NT",66,32,34,29
"AL1 5NW",80,39,41,26
"AL1 5NX",8,3,5,6
"AL1 5NY",4,3,1,4
"AL1 5NZ",42,21,21,14
"AL1 5PA",33,16,17,11
"AL1 5PB",31,17,14,11
"AL1 5PD",53,34,19,16
"AL1 5PE",5,3,2,3
"AL1 5PF",46,23,23,14
"AL1 5PG",42,20,22,14
"AL1 5PH",60,30,30,17
"AL1 5PJ",13,8,5,7
"AL1 5PN",27,13,14,11
"AL1 5PQ",62,32,30,24
"AL1 5PS",42,22,20,15
"AL1 5PT",54,28,26,17
"AL1 5PU",19,10,9,6
"AL1 5PX",36,22,14,16
"AL1 5PY",33,22,11,14
"AL1 5PZ",69,39,30,27
"AL1 5QA",82,44,38,28
"AL1 5QB",32,14,18,12
"AL1 5QD",16,8,8,8
"AL1 5QE",44,18,26,16
"AL1 5QF",43,22,21,16
"AL1 5QG",76,34,42,35
"AL1 5QH",6,1,5,5
"AL1 5QJ",39,18,21,15
"AL1 5QL",87,39,48,36
"AL1 5QN",33,18,15,14
"AL1 5QQ",65,29,36,31
"AL1 5QR",78,40,38,28
"AL1 5QS",34,15,19,15
"AL1 5QT",98,45,53,38
"AL1 5QU",34,14,20,12
"AL1 5QW",33,19,14,14
"AL1 5QX",20,7,13,12
"AL1 5QY",17,7,10,6
"AL1 5QZ",51,26,25,20
"AL1 5RA",41,20,21,15
"AL1 5RB",15,8,7,5
"AL1 5RD",25,12,13,25
"AL1 5RE",52,22,30,15
"AL1 5RF",4,1,3,2
"AL1 5RG",39,24,15,18
"AL1 5RH",12,6,6,4
"AL1 5RJ",39,20,19,18
"AL1 5RL",6,4,2,4
"AL1 5RN",57,25,32,24
"AL1 5RP",22,11,11,15
"AL1 5RQ",29,17,12,18
"AL1 5RR",11,6,5,8
"AL1 5RS",43,20,23,12
"AL1 5RT",38,21,17,13
"AL1 5RU",24,12,12,8
"AL1 5RW",66,44,22,51
"AL1 5RX",13,5,8,6
"AL1 5RY",39,21,18,13
"AL1 5RZ",53,25,28,20
"AL1 5SA",60,27,33,22
"AL1 5SB",20,11,9,8
"AL1 5SD",37,16,21,15
"AL1 5SE",49,27,22,16
"AL1 5SF",36,14,22,13
"AL1 5SG",35,15,20,21
"AL1 5SH",12,6,6,6
"AL1 5SJ",107,56,51,42
"AL1 5SL",78,41,37,25
"AL1 5SN",8,4,4,3
"AL1 5SP",40,17,23,21
"AL1 5SR",46,26,20,13
"AL1 5SS",19,9,10,7
"AL1 5ST",39,18,21,18
"AL1 5SU",29,13,16,11
"AL1 5SW",43,17,26,14
"AL1 5SX",50,20,30,23
"AL1 5SY",21,7,14,7
"AL1 5SZ",47,25,22,15
"AL1 5TA",61,33,28,22
"AL1 5TD",33,17,16,19
"AL1 5TE",37,19,18,17
"AL1 5TL",24,14,10,14
"AL1 5TP",24,13,11,14
"AL1 5TR",49,26,23,28
"AL1 5TS",43,22,21,28
"AL1 5TT",53,27,26,32
"AL1 5UE",70,34,36,40
"AL1 5UP",70,33,37,30
"AL1 5UQ",8,4,4,4
"AL1 5WA",78,35,43,42
"AL1 5WB",63,34,29,34
"AL1 5WD",74,44,30,44
"AL100AB",89,44,45,29
"AL100AD",16,11,5,4
"AL100AE",16,9,7,8
"AL100AG",15,11,4,10
"AL100AH",67,35,32,39
"AL100AJ",16,9,7,5
"AL100AL",83,37,46,30
"AL100AN",101,48,53,44
"AL100AQ",59,32,27,34
"AL100AT",82,35,47,37
"AL100AU",87,44,43,27
"AL100AW",58,32,26,28
"AL100AX",10,5,5,5
"AL100AY",34,13,21,25
"AL100AZ",67,30,37,44
"AL100BA",104,52,52,49
"AL100BB",75,34,41,25
"AL100BD",81,35,46,31
"AL100BE",98,45,53,26
"AL100BG",73,32,41,35
"AL100BH",16,8,8,8
"AL100BJ",33,17,16,19
"AL100BL",35,15,20,20
"AL100BN",16,8,8,7
"AL100BQ",44,15,29,22
"AL100BU",95,43,52,30
"AL100BX",23,12,11,22
"AL100BY",109,54,55,34
"AL100DA",12,7,5,3
"AL100DB",24,11,13,8
"AL100DD",52,23,29,30
"AL100DF",24,14,10,6
"AL100DG",110,61,49,45
"AL100DH",15,9,6,8
"AL100DJ",42,21,21,16
"AL100DL",3,1,2,2
"AL100DN",45,17,28,38
"AL100DP",37,16,21,17
"AL100DQ",153,72,81,54
"AL100DR",64,28,36,25
"AL100DS",91,53,38,24
"AL100DT",48,19,29,33
"AL100DU",38,22,16,12
"AL100DW",35,12,23,11
"AL100DX",52,22,30,20
"AL100DY",21,10,11,12
"AL100DZ",92,52,40,39
"AL100EA",29,18,11,12
"AL100ED",73,37,36,33
"AL100EE",58,27,31,25
"AL100EF",140,70,70,60
"AL100EG",104,54,50,60
"AL100EH",47,25,22,17
"AL100EJ",46,24,22,16
"AL100EQ",36,23,13,16
"AL100ET",9,6,3,3
"AL100EW",121,74,47,55
"AL100EY",9,4,5,3
"AL100FD",141,66,75,62
"AL100FE",49,28,21,33
"AL100FF",40,19,21,18
"AL100FG",50,28,22,30
"AL100HE",9,4,5,2
"AL100HF",97,47,50,33
"AL100HG",69,31,38,28
"AL100HH",54,30,24,22
"AL100HJ",15,6,9,4
"AL100HL",35,15,20,11
"AL100HN",43,18,25,18
"AL100HP",98,53,45,28
"AL100HQ",46,22,24,23
"AL100HR",88,32,56,41
"AL100HS",92,48,44,31
"AL100HU",70,30,40,38
"AL100HW",82,36,46,26
"AL100HX",59,35,24,21
"AL100HY",15,8,7,10
"AL100HZ",47,26,21,21
"AL100JA",23,9,14,17
"AL100JB",20,12,8,9
"AL100JD",53,23,30,18
"AL100JE",48,31,17,13
"AL100JF",64,25,39,21
"AL100JG",34,18,16,12
"AL100JJ",14,8,6,5
"AL100JL",30,23,7,9
"AL100JQ",22,11,11,9
"AL100JT",10,6,4,4
"AL100JW",8,6,2,3
"AL100JZ",7,4,3,2
"AL100LD",48,23,25,18
"AL100LG",1,1,0,1
"AL100LN",2,2,0,1
"AL100LR",37,24,13,30
"AL100LS",44,32,12,33
"AL100LU",23,17,6,6
"AL100LY",29,19,10,17
"AL100LZ",24,14,10,16
"AL100NA",24,19,5,16
"AL100NF",4,2,2,1
"AL100NX",7,4,3,0
"AL100PA",73,26,47,28
"AL100PB",71,30,41,32
"AL100PD",13,8,5,4
"AL100PE",125,56,69,44
"AL100PF",190,88,102,65
"AL100PG",43,26,17,16
"AL100PH",14,5,9,4
"AL100PJ",14,7,7,7
"AL100PL",31,16,15,7
"AL100PN",4,3,1,3
"AL100PP",138,72,66,48
"AL100PQ",16,9,7,6
"AL100PR",58,29,29,25
"AL100PS",52,24,28,23
"AL100PT",59,34,25,29
"AL100PU",94,53,41,34
"AL100PW",33,17,16,15
"AL100PX",161,79,82,63
"AL100PY",7,2,5,4
"AL100QA",34,18,16,15
"AL100QB",27,16,11,10
"AL100QH",7,4,3,3
"AL100QJ",31,17,14,11
"AL100QL",37,23,14,10
"AL100QN",24,13,11,8
"AL100QP",31,15,16,12
"AL100QQ",7,4,3,4
"AL100QR",27,14,13,12
"AL100QS",14,8,6,9
"AL100QT",30,14,16,12
"AL100QU",30,15,15,11
"AL100QW",37,18,19,16
"AL100QX",19,10,9,6
"AL100QY",78,45,33,27
"AL100QZ",58,26,32,24
"AL100RA",38,15,23,14
"AL100RB",34,19,15,10
"AL100RD",33,19,14,12
"AL100RE",134,65,69,49
"AL100RF",97,50,47,36
"AL100RG",25,13,12,9
"AL100RH",59,33,26,23
"AL100RJ",61,33,28,23
"AL100RL",52,25,27,18
"AL100RN",1,0,1,1
"AL100RP",110,59,51,56
"AL100RQ",82,42,40,37
"AL100RR",81,44,37,42
"AL100RS",59,36,23,30
"AL100RT",26,11,15,9
"AL100RW",50,21,29,39
"AL100RX",44,28,16,20
"AL100RY",34,18,16,12
"AL100RZ",52,27,25,16
"AL100SA",30,11,19,13
"AL100SB",68,32,36,23
"AL100SD",50,18,32,18
"AL100SE",36,20,16,13
"AL100SF",36,17,19,16
"AL100SG",89,47,42,36
"AL100SH",127,60,67,41
"AL100SJ",25,14,11,8
"AL100SL",16,8,8,7
"AL100SN",15,11,4,11
"AL100SQ",8,3,5,5
"AL100SR",3,1,2,1
"AL100ST",13,5,8,7
"AL100SW",17,5,12,14
"AL100SX",92,54,38,19
"AL100SY",63,34,29,25
"AL100SZ",13,7,6,5
"AL100TA",23,14,9,7
"AL100TD",35,21,14,29
"AL100TL",123,71,52,35
"AL100TN",73,40,33,25
"AL100TP",26,17,9,8
"AL100TR",51,25,26,22
"AL100TS",35,18,17,24
"AL100TT",25,12,13,9
"AL100TU",83,44,39,36
"AL100TW",56,22,34,25
"AL100TX",23,16,7,18
"AL100TY",103,56,47,53
"AL100TZ",76,39,37,26
"AL100UA",41,25,16,17
"AL100UB",81,43,38,28
"AL100UD",52,25,27,25
"AL100UE",73,30,43,37
"AL100UG",37,16,21,14
"AL100UH",11,6,5,7
"AL100UJ",9,3,6,8
"AL100UL",13,4,9,7
"AL100UN",32,18,14,14
"AL100UP",19,3,16,19
"AL100UQ",50,28,22,27
"AL100UR",4,1,3,2
"AL100UT",48,25,23,19
"AL100UW",6,4,2,3
"AL100YB",4,3,1,1
"AL108AA",80,43,37,36
"AL108AE",56,28,28,20
"AL108AF",40,20,20,13
"AL108AG",78,42,36,24
"AL108AH",5,1,4,4
"AL108AJ",27,12,15,12
"AL108AL",1,0,1,1
"AL108AN",3,1,2,1
"AL108AP",32,15,17,10
"AL108AR",61,32,29,34
"AL108AS",42,22,20,14
"AL108AT",24,15,9,8
"AL108AU",27,15,12,9
"AL108AW",27,14,13,8
"AL108BG",28,14,14,10
"AL108BJ",4,3,1,2
"AL108BL",13,9,4,6
"AL108BN",17,8,9,6
"AL108BP",35,22,13,16
"AL108BS",25,13,12,13
"AL108BT",62,27,35,28
"AL108BU",61,24,37,25
"AL108BW",79,42,37,28
"AL108BX",68,21,47,56
"AL108BY",36,14,22,36
"AL108BZ",138,82,56,53
"AL108DA",60,26,34,22
"AL108DB",28,13,15,11
"AL108DD",62,32,30,32
"AL108DE",75,35,40,27
"AL108DF",50,23,27,16
"AL108DG",32,14,18,15
"AL108DH",42,31,11,10
"AL108DJ",33,14,19,12
"AL108DL",23,10,13,10
"AL108DN",93,55,38,34
"AL108DP",39,20,19,12
"AL108DQ",64,27,37,24
"AL108DR",12,9,3,5
"AL108DS",65,24,41,23
"AL108DU",26,13,13,8
"AL108DW",20,9,11,9
"AL108DX",16,7,9,4
"AL108DY",49,24,25,16
"AL108DZ",48,29,19,15
"AL108EA",22,8,14,8
"AL108EB",88,48,40,31
"AL108ED",99,61,38,29
"AL108EE",120,55,65,42
"AL108EF",118,58,60,43
"AL108EN",11,7,4,8
"AL108EP",12,6,6,4
"AL108ER",42,18,24,13
"AL108ES",39,19,20,18
"AL108ET",41,21,20,15
"AL108EU",36,18,18,14
"AL108EW",101,51,50,43
"AL108EX",50,23,27,20
"AL108EY",43,14,29,15
"AL108EZ",64,27,37,22
"AL108FD",75,37,38,39
"AL108HA",102,48,54,44
"AL108HB",40,22,18,17
"AL108HD",78,39,39,26
"AL108HE",18,11,7,6
"AL108HF",21,10,11,7
"AL108HG",69,33,36,28
"AL108HH",100,49,51,30
"AL108HJ",45,31,14,14
"AL108HL",39,18,21,20
"AL108HN",30,14,16,8
"AL108HQ",23,13,10,6
"AL108HR",10,5,5,7
"AL108HW",40,26,14,10
"AL108HY",19,9,10,9
"AL108JP",29,12,17,11
"AL108JR",52,22,30,22
"AL108JS",7,2,5,7
"AL108JT",89,49,40,30
"AL108JU",56,24,32,22
"AL108JW",54,25,29,22
"AL108JX",26,13,13,8
"AL108JY",6,4,2,6
"AL108JZ",29,13,16,9
"AL108LA",92,46,46,27
"AL108LB",99,55,44,30
"AL108LD",75,40,35,26
"AL108LE",93,58,35,31
"AL108LF",82,36,46,29
"AL108LG",21,13,8,6
"AL108LH",130,78,52,43
"AL108LJ",23,14,9,9
"AL108LL",75,39,36,22
"AL108LN",88,46,42,26
"AL108LP",96,50,46,35
"AL108LQ",64,33,31,23
"AL108LR",20,9,11,9
"AL108LS",17,9,8,7
"AL108LU",140,70,70,45
"AL108LW",42,17,25,13
"AL108LX",44,29,15,14
"AL108LY",37,19,18,14
"AL108LZ",63,35,28,23
"AL108NA",10,5,5,3
"AL108NB",93,49,44,44
"AL108NN",2,0,2,1
"AL108NP",42,18,24,15
"AL108NR",21,13,8,9
"AL108NS",16,3,13,9
"AL108NT",30,11,19,12
"AL108NU",40,14,26,15
"AL108NX",45,20,25,20
"AL108NY",12,5,7,5
"AL108NZ",48,22,26,17
"AL108PA",8,3,5,4
"AL108PB",58,33,25,20
"AL108PD",73,42,31,25
"AL108PE",50,28,22,16
"AL108PF",55,36,19,17
"AL108PG",54,27,27,17
"AL108PH",66,28,38,24
"AL108PJ",103,54,49,32
"AL108PL",52,24,28,18
"AL108PN",30,13,17,12
"AL108PP",88,41,47,27
"AL108PQ",28,10,18,12
"AL108PR",67,36,31,16
"AL108PS",79,51,28,22
"AL108PT",17,10,7,4
"AL108PU",11,7,4,5
"AL108PW",31,14,17,15
"AL108QE",7,6,1,3
"AL108QF",34,19,15,13
"AL108QG",59,30,29,14
"AL108QH",18,9,9,7
"AL108QJ",58,34,24,21
"AL108QL",45,25,20,15
"AL108QN",68,39,29,25
"AL108QP",28,15,13,12
"AL108QQ",9,4,5,4
"AL108QR",51,27,24,19
"AL108QS",70,38,32,30
"AL108QT",22,10,12,9
"AL108QU",59,28,31,19
"AL108QW",15,8,7,8
"AL108QX",50,25,25,17
"AL108QY",66,36,30,24
"AL108QZ",18,13,5,7
"AL108RA",32,18,14,8
"AL108RB",9,5,4,4
"AL108RD",29,17,12,8
"AL108RE",128,72,56,37
"AL108RF",57,29,28,14
"AL108RG",43,15,28,16
"AL108RH",27,16,11,8
"AL108RJ",7,2,5,4
"AL108RL",20,12,8,4
"AL108RN",94,52,42,35
"AL108RP",28,11,17,14
"AL108RQ",11,5,6,6
"AL108RS",2,1,1,1
"AL108RU",24,12,12,9
"AL108RX",123,57,66,49
"AL108RY",144,77,67,48
"AL108RZ",116,53,63,44
"AL108SA",132,78,54,36
"AL108SB",43,25,18,17
"AL108SD",13,9,4,6
"AL108SE",29,12,17,10
"AL108SF",130,60,70,45
"AL108SG",53,31,22,16
"AL108SH",139,88,51,41
"AL108SJ",20,8,12,6
"AL108SL",18,6,12,10
"AL108SN",27,8,19,15
"AL108SP",35,16,19,15
"AL108SR",22,12,10,16
"AL108SS",20,13,7,6
"AL108ST",40,27,13,11
"AL108SU",46,34,12,11
"AL108SW",25,12,13,15
"AL108SX",37,17,20,12
"AL108SY",35,17,18,10
"AL108SZ",18,11,7,6
"AL108TA",17,5,12,13
"AL108TB",15,4,11,12
"AL108TD",13,4,9,10
"AL108TE",16,6,10,15
"AL108TF",4,2,2,3
"AL108TG",46,23,23,16
"AL108TH",3,1,2,2
"AL108TL",57,27,30,40
"AL108TN",85,44,41,33
"AL108TP",5,2,3,4
"AL108TR",85,50,35,20
"AL108TS",112,65,47,33
"AL108TT",89,57,32,24
"AL108TU",45,29,16,12
"AL108TW",19,10,9,10
"AL108TX",129,70,59,31
"AL108TY",62,41,21,14
"AL108TZ",44,29,15,0
"AL108UA",54,36,18,39
"AL108UB",51,29,22,14
"AL108UD",44,29,15,11
"AL108UE",69,40,29,19
"AL108UG",18,10,8,12
"AL108UN",82,42,40,30
"AL108UP",49,22,27,25
"AL108UR",48,22,26,21
"AL108UT",10,6,4,8
"AL108UU",74,40,34,26
"AL108UW",134,64,70,38
"AL108UX",56,25,31,31
"AL108UY",85,41,44,35
"AL108UZ",37,21,16,15
"AL108XP",18,8,10,8
"AL108XR",68,34,34,31
"AL108XS",14,6,8,6
"AL108XT",73,39,34,37
"AL108XU",21,13,8,9
"AL108XW",22,11,11,9
"AL108XX",148,67,81,52
"AL108XY",101,32,69,0
"AL108YA",43,16,27,40
"AL109AB",1284,698,586,0
"AL109AG",7,3,4,2
"AL109AU",75,37,38,32
"AL109AX",94,25,69,0
"AL109AY",168,69,99,50
"AL109AZ",82,41,41,34
"AL109BA",2,1,1,1
"AL109BB",5,3,2,1
"AL109BG",10,5,5,5
"AL109BH",2,1,1,1
"AL109BJ",6,2,4,1
"AL109BL",56,24,32,21
"AL109BP",77,37,40,37
"AL109BQ",5,2,3,2
"AL109BT",1,1,0,0
"AL109BU",16,10,6,4
"AL109BX",8,3,5,3
"AL109BZ",11,7,4,8
"AL109DA",31,18,13,12
"AL109DD",36,15,21,13
"AL109DE",87,45,42,22
"AL109DF",69,43,26,22
"AL109DG",59,34,25,14
"AL109DH",44,22,22,14
"AL109DJ",48,23,25,15
"AL109DL",121,66,55,34
"AL109DN",24,12,12,7
"AL109DP",15,6,9,6
"AL109DQ",53,23,30,15
"AL109DR",27,16,11,9
"AL109DS",78,45,33,27
"AL109DU",42,19,23,17
"AL109DW",38,26,12,14
"AL109DX",28,12,16,8
"AL109DY",75,42,33,20
"AL109DZ",10,4,6,3
"AL109EA",19,5,14,9
"AL109EB",53,27,26,16
"AL109ED",65,40,25,20
"AL109EE",65,36,29,19
"AL109EF",55,32,23,19
"AL109EG",12,6,6,6
"AL109EH",85,44,41,38
"AL109EJ",150,80,70,72
"AL109EL",46,18,28,20
"AL109EN",74,36,38,23
"AL109EP",4,1,3,1
"AL109EQ",77,37,40,41
"AL109ER",49,30,19,17
"AL109ES",66,27,39,18
"AL109ET",58,31,27,33
"AL109EU",1312,608,704,0
"AL109FA",69,33,36,37
"AL109FB",47,15,32,15
"AL109FD",47,23,24,15
"AL109FE",37,20,17,9
"AL109FF",137,71,66,37
"AL109FG",82,38,44,27
"AL109FH",13,6,7,5
"AL109FJ",124,63,61,36
"AL109FL",114,60,54,42
"AL109FN",99,52,47,31
"AL109FP",39,20,19,16
"AL109FQ",58,28,30,21
"AL109FR",121,55,66,44
"AL109FT",131,68,63,48
"AL109FW",122,63,59,49
"AL109FX",42,23,19,14
"AL109FY",120,64,56,55
"AL109FZ",43,21,22,25
"AL109GA",15,6,9,5
"AL109GB",38,21,17,11
"AL109GD",11,5,6,5
"AL109GE",141,71,70,43
"AL109GF",81,45,36,23
"AL109GG",19,8,11,11
"AL109GH",62,28,34,13
"AL109GJ",28,14,14,16
"AL109GL",206,101,105,58
"AL109GN",17,10,7,15
"AL109GP",154,77,77,53
"AL109GQ",57,24,33,17
"AL109GR",12,6,6,3
"AL109GS",128,67,61,52
"AL109GT",50,31,19,28
"AL109GU",46,28,18,30
"AL109GW",100,60,40,45
"AL109GX",49,26,23,18
"AL109GY",104,64,40,45
"AL109GZ",40,23,17,12
"AL109HA",18,6,12,8
"AL109HB",15,10,5,7
"AL109HD",13,8,5,6
"AL109HE",10,7,3,8
"AL109HF",5,3,2,1
"AL109HG",7,3,4,5
"AL109HH",84,43,41,31
"AL109HJ",6,3,3,2
"AL109HN",3,2,1,1
"AL109HP",6,3,3,4
"AL109HQ",51,30,21,13
"AL109HR",5,3,2,3
"AL109HS",38,19,19,17
"AL109HT",13,7,6,6
"AL109HU",135,72,63,41
"AL109HW",13,8,5,6
"AL109HX",155,76,79,40
"AL109HY",38,20,18,10
"AL109HZ",94,58,36,30
"AL109JA",108,56,52,32
"AL109JB",58,29,29,19
"AL109JD",134,57,77,37
"AL109JE",100,69,31,33
"AL109JF",3,2,1,1
"AL109JG",25,15,10,12
"AL109JH",25,15,10,11
"AL109JJ",47,25,22,13
"AL109JN",22,8,14,15
"AL109JP",10,4,6,9
"AL109JQ",1,0,1,1
"AL109JR",36,20,16,14
"AL109JS",29,12,17,14
"AL109JT",75,37,38,22
"AL109JU",85,34,51,28
"AL109JW",24,12,12,24
"AL109JX",3,2,1,1
"AL109JY",15,8,7,6
"AL109JZ",83,33,50,26
"AL109LA",49,23,26,19
"AL109LB",56,30,26,18
"AL109LD",98,53,45,36
"AL109LE",146,81,65,50
"AL109LF",66,32,34,25
"AL109LG",60,29,31,21
"AL109LH",65,28,37,22
"AL109LJ",46,24,22,17
"AL109LL",3,2,1,1
"AL109LN",41,16,25,12
"AL109LP",39,20,19,8
"AL109LQ",38,20,18,14
"AL109LR",183,86,97,62
"AL109LS",100,55,45,36
"AL109LT",142,56,86,39
"AL109LU",64,33,31,19
"AL109LW",57,32,25,19
"AL109LX",88,36,52,18
"AL109LY",95,52,43,28
"AL109LZ",5,4,1,3
"AL109NB",5,3,2,4
"AL109NH",40,24,16,14
"AL109NJ",50,25,25,17
"AL109NL",53,24,29,21
"AL109NN",49,29,20,20
"AL109NP",39,19,20,15
"AL109NR",45,21,24,15
"AL109NS",2,1,1,1
"AL109NT",2,1,1,1
"AL109NW",45,20,25,16
"AL109NX",83,38,45,31
"AL109NY",12,5,7,4
"AL109NZ",69,36,33,26
"AL109PA",32,17,15,13
"AL109PB",10,4,6,6
"AL109PD",81,48,33,25
"AL109PE",23,11,12,12
"AL109PF",32,19,13,8
"AL109PH",6,3,3,2
"AL109PJ",1,1,0,1
"AL109PL",197,94,103,55
"AL109PQ",47,23,24,20
"AL109PR",112,56,56,33
"AL109PS",5,2,3,4
"AL109PW",37,18,19,10
"AL109QB",85,46,39,22
"AL109QD",125,64,61,32
"AL109QE",85,44,41,23
"AL109QF",48,28,20,13
"AL109QG",107,66,41,37
"AL109QH",132,75,57,40
"AL109QJ",72,41,31,26
"AL109QL",23,7,16,6
"AL109QN",63,37,26,18
"AL109QP",60,34,26,27
"AL109QQ",64,38,26,21
"AL109QR",37,18,19,15
"AL109QS",75,45,30,25
"AL109QT",95,50,45,40
"AL109QU",57,35,22,18
"AL109QW",57,29,28,17
"AL109QX",32,21,11,9
"AL109QY",46,26,20,14
"AL109QZ",184,103,81,84
"AL109RA",87,47,40,49
"AL109RB",2,0,2,1
"AL109RD",68,34,34,37
"AL109RE",158,88,70,69
"AL109RF",3,2,1,1
"AL109RJ",29,15,14,10
"AL109RN",31,13,18,12
"AL109RP",29,11,18,14
"AL109RR",54,33,21,23
"AL109RS",6,3,3,3
"AL109RT",53,22,31,13
"AL109RU",53,24,29,24
"AL109RW",79,38,41,23
"AL109RX",45,23,22,24
"AL109RY",7,4,3,2
"AL109RZ",108,60,48,39
"AL109SA",72,37,35,25
"AL109SB",34,15,19,13
"AL109SD",36,15,21,16
"AL109SE",24,14,10,9
"AL109SF",16,6,10,5
"AL109SG",6,5,1,2
"AL109SP",41,23,18,13
"AL109SQ",35,18,17,11
"AL109SR",45,22,23,18
"AL109SS",47,26,21,21
"AL109ST",12,9,3,9
"AL109SU",26,8,18,8
"AL109SW",33,16,17,15
"AL109SX",10,5,5,4
"AL109SY",24,10,14,11
"AL109SZ",19,11,8,11
"AL109TB",66,31,35,27
"AL109TF",11,8,3,2
"AL109UG",2,0,2,2
"AL2 1AD",20,12,8,8
"AL2 1AE",6,5,1,2
"AL2 1AF",11,6,5,1
"AL2 1AG",3,1,2,1
"AL2 1AH",4,2,2,1
"AL2 1AP",75,35,40,25
"AL2 1AT",23,13,10,14
"AL2 1AU",4,1,3,4
"AL2 1AW",107,57,50,35
"AL2 1AZ",82,38,44,32
"AL2 1BA",12,5,7,4
"AL2 1BB",4,2,2,2
"AL2 1BE",13,8,5,8
"AL2 1BG",23,15,8,6
"AL2 1BH",122,58,64,56
"AL2 1BL",1,0,1,0
"AL2 1BP",42,27,15,19
"AL2 1BS",55,30,25,20
"AL2 1BT",4,3,1,1
"AL2 1BU",13,6,7,7
"AL2 1BW",100,38,62,41
"AL2 1BY",9,4,5,4
"AL2 1BZ",9,6,3,3
"AL2 1DA",3,1,2,1
"AL2 1DE",39,23,16,14
"AL2 1DF",13,8,5,4
"AL2 1DG",3,2,1,2
"AL2 1DJ",1,0,1,1
"AL2 1DN",1,1,0,1
"AL2 1DP",52,25,27,27
"AL2 1DY",19,10,9,8
"AL2 1DZ",85,42,43,27
"AL2 1EA",49,26,23,13
"AL2 1EB",11,7,4,8
"AL2 1ED",21,13,8,8
"AL2 1EE",73,45,28,25
"AL2 1EF",71,28,43,27
"AL2 1EG",109,55,54,49
"AL2 1EH",101,52,49,33
"AL2 1EJ",9,3,6,3
"AL2 1EN",35,13,22,12
"AL2 1EP",83,42,41,29
"AL2 1EQ",98,47,51,37
"AL2 1ER",74,37,37,27
"AL2 1ES",48,27,21,18
"AL2 1ET",52,25,27,21
"AL2 1EU",15,7,8,5
"AL2 1EW",62,28,34,21
"AL2 1EZ",83,45,38,37
"AL2 1FD",61,37,24,38
"AL2 1GA",15,7,8,8
"AL2 1GB",16,7,9,8
"AL2 1GD",15,7,8,10
"AL2 1GE",22,11,11,12
"AL2 1GF",15,8,7,8
"AL2 1GG",18,8,10,12
"AL2 1GH",17,8,9,9
"AL2 1GJ",23,10,13,10
"AL2 1GL",12,7,5,6
"AL2 1GN",12,7,5,6
"AL2 1GP",8,4,4,5
"AL2 1GQ",12,7,5,4
"AL2 1GR",29,14,15,14
"AL2 1GX",5,2,3,2
"AL2 1GZ",10,5,5,7
"AL2 1HA",17,9,8,8
"AL2 1HB",59,30,29,21
"AL2 1HD",27,17,10,13
"AL2 1HE",68,31,37,31
"AL2 1HL",38,12,26,17
"AL2 1HN",160,74,86,40
"AL2 1HP",30,14,16,16
"AL2 1HQ",9,5,4,7
"AL2 1HR",16,6,10,8
"AL2 1HS",113,61,52,33
"AL2 1HT",58,27,31,15
"AL2 1HU",36,18,18,12
"AL2 1HW",84,41,43,24
"AL2 1HX",24,14,10,9
"AL2 1HY",20,13,7,11
"AL2 1HZ",46,23,23,18
"AL2 1JA",38,17,21,17
"AL2 1JB",71,33,38,33
"AL2 1JD",85,42,43,32
"AL2 1JE",8,5,3,5
"AL2 1JF",26,14,12,10
"AL2 1JH",10,4,6,5
"AL2 1JJ",43,21,22,18
"AL2 1JL",65,35,30,20
"AL2 1JN",103,54,49,38
"AL2 1JP",36,18,18,14
"AL2 1JQ",28,15,13,12
"AL2 1JR",27,14,13,9
"AL2 1JS",32,15,17,12
"AL2 1JT",31,18,13,12
"AL2 1JU",83,41,42,37
"AL2 1JW",51,23,28,20
"AL2 1JX",26,15,11,8
"AL2 1JY",1,0,1,1
"AL2 1JZ",18,8,10,11
"AL2 1LB",133,56,77,49
"AL2 1LD",35,12,23,16
"AL2 1LE",46,21,25,22
"AL2 1LF",70,32,38,25
"AL2 1LG",31,16,15,13
"AL2 1LJ",120,58,62,45
"AL2 1LL",44,23,21,16
"AL2 1LN",93,39,54,28
"AL2 1LP",7,4,3,4
"AL2 1LQ",108,57,51,34
"AL2 1LS",85,45,40,29
"AL2 1LT",58,28,30,23
"AL2 1LU",88,39,49,28
"AL2 1LW",67,30,37,26
"AL2 1LX",46,22,24,17
"AL2 1LZ",85,41,44,31
"AL2 1NA",83,44,39,27
"AL2 1NB",98,48,50,36
"AL2 1ND",97,49,48,30
"AL2 1NE",23,10,13,12
"AL2 1NF",19,9,10,6
"AL2 1NG",10,4,6,8
"AL2 1NH",57,25,32,16
"AL2 1NJ",20,12,8,8
"AL2 1NL",15,6,9,5
"AL2 1NP",16,9,7,6
"AL2 1NQ",98,39,59,28
"AL2 1NS",80,36,44,41
"AL2 1NT",20,10,10,10
"AL2 1NU",22,10,12,9
"AL2 1NW",20,8,12,5
"AL2 1NX",10,4,6,5
"AL2 1NY",34,16,18,17
"AL2 1NZ",71,32,39,35
"AL2 1PA",31,16,15,15
"AL2 1PB",68,34,34,28
"AL2 1PD",120,51,69,44
"AL2 1PE",35,15,20,27
"AL2 1PF",15,9,6,4
"AL2 1PG",61,31,30,20
"AL2 1PJ",11,4,7,4
"AL2 1PL",40,23,17,16
"AL2 1PN",62,28,34,19
"AL2 1PP",112,55,57,37
"AL2 1PQ",57,32,25,20
"AL2 1PR",58,27,31,25
"AL2 1PS",14,5,9,10
"AL2 1PT",88,43,45,36
"AL2 1PW",69,33,36,23
"AL2 1PX",141,68,73,65
"AL2 1PY",12,6,6,4
"AL2 1PZ",60,30,30,31
"AL2 1QA",3,1,2,1
"AL2 1QD",16,6,10,9
"AL2 1QF",18,10,8,8
"AL2 1QG",40,16,24,17
"AL2 1QH",6,4,2,2
"AL2 1QJ",7,4,3,3
"AL2 1QP",3,1,2,2
"AL2 1QQ",21,12,9,8
"AL2 1QR",30,13,17,14
"AL2 1QS",11,6,5,5
"AL2 1QT",31,16,15,10
"AL2 1QU",5,3,2,2
"AL2 1QW",39,20,19,15
"AL2 1QX",7,5,2,5
"AL2 1QY",9,4,5,5
"AL2 1QZ",2,1,1,1
"AL2 1RB",7,3,4,5
"AL2 1RD",12,6,6,6
"AL2 1RE",46,21,25,23
"AL2 1RF",39,17,22,18
"AL2 1RG",13,8,5,8
"AL2 1RH",38,22,16,26
"AL2 1RJ",18,9,9,8
"AL2 1RL",56,24,32,20
"AL2 1RN",44,19,25,22
"AL2 1RP",41,17,24,21
"AL2 1RQ",52,25,27,27
"AL2 1RR",26,13,13,9
"AL2 1RS",32,15,17,28
"AL2 1RT",16,10,6,10
"AL2 1RU",39,18,21,15
"AL2 1RW",33,21,12,9
"AL2 1RX",60,30,30,24
"AL2 1RY",6,3,3,5
"AL2 1RZ",19,6,13,16
"AL2 1SA",4,1,3,4
"AL2 1SS",39,20,19,10
"AL2 1TA",56,24,32,36
"AL2 1TB",102,52,50,33
"AL2 1TD",91,42,49,48
"AL2 1TE",10,3,7,4
"AL2 1TF",12,6,6,3
"AL2 1TG",82,47,35,44
"AL2 1TH",74,38,36,40
"AL2 1TJ",83,44,39,42
"AL2 1TL",23,12,11,8
"AL2 1TN",47,18,29,28
"AL2 1UA",141,67,74,51
"AL2 1UB",76,42,34,29
"AL2 1UD",137,71,66,46
"AL2 1UE",41,21,20,11
"AL2 1UF",37,19,18,12
"AL2 1UG",24,10,14,6
"AL2 1UH",14,9,5,9
"AL2 1UJ",68,41,27,19
"AL2 1UL",81,39,42,41
"AL2 1UN",214,94,120,52
"AL2 1UP",19,9,10,6
"AL2 1UQ",43,26,17,14
"AL2 1UR",180,85,95,44
"AL2 1US",43,20,23,12
"AL2 1UT",37,20,17,12
"AL2 1UW",9,4,5,3
"AL2 1UX",147,79,68,63
"AL2 2AA",2,1,1,1
"AL2 2AB",8,5,3,6
"AL2 2AD",49,22,27,29
"AL2 2AE",16,6,10,6
"AL2 2AF",31,15,16,9
"AL2 2AG",3,1,2,2
"AL2 2AH",49,26,23,21
"AL2 2AJ",70,41,29,26
"AL2 2AL",7,3,4,2
"AL2 2AN",8,4,4,4
"AL2 2AP",71,32,39,24
"AL2 2AQ",43,22,21,17
"AL2 2AR",29,17,12,11
"AL2 2AS",59,31,28,19
"AL2 2AT",22,11,11,10
"AL2 2AU",45,22,23,19
"AL2 2AW",30,16,14,10
"AL2 2AX",8,4,4,3
"AL2 2AY",16,9,7,7
"AL2 2AZ",16,9,7,9
"AL2 2BA",43,21,22,16
"AL2 2BB",4,2,2,2
"AL2 2BD",13,5,8,6
"AL2 2BE",88,46,42,28
"AL2 2BG",73,37,36,27
"AL2 2BH",13,7,6,6
"AL2 2BJ",36,14,22,12
"AL2 2BL",12,5,7,4
"AL2 2BN",15,7,8,4
"AL2 2BQ",43,23,20,13
"AL2 2DJ",34,13,21,11
"AL2 2DP",5,3,2,1
"AL2 2DS",5,2,3,3
"AL2 2DU",2,1,1,1
"AL2 2DW",2,1,1,1
"AL2 2DY",2,1,1,1
"AL2 2EA",14,6,8,8
"AL2 2EJ",13,7,6,6
"AL2 2EL",3,0,3,1
"AL2 2EN",28,15,13,12
"AL2 2ES",6,5,1,2
"AL2 2ET",7,3,4,2
"AL2 2EW",6,3,3,3
"AL2 2EX",6,3,3,2
"AL2 2FB",66,32,34,27
"AL2 2FD",67,32,35,22
"AL2 2FE",52,27,25,22
"AL2 2FF",21,12,9,13
"AL2 2FG",36,19,17,15
"AL2 2FH",186,95,91,83
"AL2 2FJ",18,10,8,6
"AL2 2FL",9,5,4,3
"AL2 2GZ",12,4,8,3
"AL2 2HD",55,25,30,21
"AL2 2HE",21,6,15,7
"AL2 2HF",5,2,3,1
"AL2 2HG",20,10,10,10
"AL2 2HH",8,4,4,4
"AL2 2HJ",25,12,13,10
"AL2 2HL",64,32,32,27
"AL2 2HN",23,11,12,12
"AL2 2HP",69,33,36,27
"AL2 2HQ",41,17,24,16
"AL2 2HR",66,31,35,30
"AL2 2HS",5,3,2,2
"AL2 2HT",63,33,30,26
"AL2 2HW",7,3,4,4
"AL2 2HX",64,33,31,26
"AL2 2HY",37,19,18,14
"AL2 2HZ",18,7,11,9
"AL2 2JA",59,32,27,20
"AL2 2JB",30,16,14,12
"AL2 2JD",62,34,28,21
"AL2 2JE",6,3,3,2
"AL2 2JF",30,15,15,13
"AL2 2JG",11,6,5,6
"AL2 2JH",16,9,7,5
"AL2 2JJ",12,7,5,3
"AL2 2JL",13,6,7,5
"AL2 2JN",10,5,5,4
"AL2 2JQ",21,12,9,7
"AL2 2JR",9,5,4,4
"AL2 2JS",15,9,6,4
"AL2 2JU",6,3,3,2
"AL2 2JX",67,32,35,27
"AL2 2JY",37,16,21,15
"AL2 2JZ",18,10,8,7
"AL2 2LA",48,30,18,32
"AL2 2LB",73,38,35,32
"AL2 2LD",66,33,33,24
"AL2 2LE",2,1,1,2
"AL2 2LF",7,5,2,2
"AL2 2LG",4,2,2,4
"AL2 2LH",19,11,8,8
"AL2 2LJ",16,10,6,10
"AL2 2LL",34,19,15,22
"AL2 2LN",81,41,40,52
"AL2 2LP",11,6,5,6
"AL2 2LQ",10,7,3,6
"AL2 2LS",24,13,11,10
"AL2 2LU",105,42,63,49
"AL2 2LW",2,1,1,1
"AL2 2LX",2,1,1,1
"AL2 2LZ",9,6,3,3
"AL2 2NA",87,47,40,30
"AL2 2NB",20,11,9,7
"AL2 2ND",26,12,14,13
"AL2 2NE",1,1,0,1
"AL2 2NF",46,21,25,23
"AL2 2NL",34,14,20,29
"AL2 2NN",30,14,16,16
"AL2 2NP",70,34,36,27
"AL2 2NR",64,36,28,23
"AL2 2NS",14,7,7,5
"AL2 2NT",44,19,25,19
"AL2 2NU",25,13,12,10
"AL2 2NW",3,2,1,1
"AL2 2NX",77,40,37,35
"AL2 2NY",35,19,16,18
"AL2 2NZ",58,34,24,18
"AL2 2PA",82,40,42,30
"AL2 2PB",48,25,23,17
"AL2 2PD",46,22,24,18
"AL2 2PE",73,38,35,30
"AL2 2PG",8,3,5,5
"AL2 2PH",25,13,12,15
"AL2 2PJ",39,18,21,20
"AL2 2PL",16,8,8,12
"AL2 2PN",4,2,2,1
"AL2 2PP",39,18,21,13
"AL2 2PQ",9,3,6,6
"AL2 2PR",2,1,1,1
"AL2 2PS",7,4,3,4
"AL2 2PT",5,3,2,3
"AL2 2PU",4,2,2,2
"AL2 2PW",7,4,3,2
"AL2 2PX",4,3,1,1
"AL2 2PY",31,17,14,12
"AL2 2PZ",28,17,11,8
"AL2 2QA",6,4,2,5
"AL2 2QB",88,46,42,33
"AL2 2QE",13,4,9,11
"AL2 2QG",46,22,24,17
"AL2 2QH",20,10,10,9
"AL2 2QJ",62,29,33,35
"AL2 2QL",21,11,10,10
"AL2 2QN",73,39,34,28
"AL2 2QP",50,27,23,18
"AL2 2QQ",39,19,20,17
"AL2 2QR",36,16,20,13
"AL2 2QS",30,15,15,12
"AL2 2QT",33,15,18,9
"AL2 2QU",37,19,18,15
"AL2 2QW",36,19,17,17
"AL2 2QX",35,18,17,10
"AL2 2QY",63,29,34,23
"AL2 2QZ",7,2,5,0
"AL2 2RA",38,17,21,14
"AL2 2RB",50,25,25,22
"AL2 2RD",44,23,21,15
"AL2 2RE",70,33,37,28
"AL2 2RF",3,1,2,2
"AL2 2RH",15,9,6,5
"AL2 2RP",12,7,5,5
"AL2 2RQ",30,14,16,19
"AL2 2RR",41,20,21,17
"AL2 2RS",38,22,16,26
"AL2 2RT",29,14,15,14
"AL2 2RU",35,16,19,14
"AL2 2RW",57,22,35,24
"AL2 2RX",50,25,25,19
"AL2 2RY",34,19,15,11
"AL2 2RZ",23,11,12,8
"AL2 2SA",24,12,12,9
"AL2 2SB",6,1,5,5
"AL2 2SD",9,3,6,6
"AL2 2SE",44,18,26,14
"AL2 2SF",91,36,55,36
"AL2 2SG",41,22,19,14
"AL2 2SH",28,14,14,8
"AL2 2SJ",54,28,26,20
"AL2 2SL",7,4,3,2
"AL2 2SN",26,12,14,10
"AL2 2SP",9,4,5,3
"AL2 2SQ",27,13,14,14
"AL2 2TB",57,27,30,18
"AL2 2TS",24,14,10,11
"AL2 2TT",15,6,9,8
"AL2 2TU",45,23,22,20
"AL2 2TX",7,3,4,3
"AL2 2TY",21,10,11,7
"AL2 2TZ",19,5,14,12
"AL2 3AA",64,32,32,30
"AL2 3AB",20,8,12,9
"AL2 3AD",52,28,24,19
"AL2 3AE",44,21,23,16
"AL2 3AF",26,13,13,9
"AL2 3AG",31,13,18,10
"AL2 3AH",7,4,3,4
"AL2 3AJ",38,18,20,15
"AL2 3AL",10,6,4,4
"AL2 3AN",32,15,17,17
"AL2 3AP",16,8,8,6
"AL2 3AQ",45,25,20,21
"AL2 3AR",36,19,17,14
"AL2 3AS",4,2,2,1
"AL2 3AT",40,19,21,17
"AL2 3AW",13,7,6,4
"AL2 3AX",70,34,36,29
"AL2 3AY",50,27,23,18
"AL2 3AZ",104,51,53,39
"AL2 3BA",12,6,6,6
"AL2 3BB",26,15,11,10
"AL2 3BD",8,4,4,4
"AL2 3BE",11,5,6,4
"AL2 3BG",12,6,6,4
"AL2 3BH",22,9,13,10
"AL2 3BJ",21,10,11,10
"AL2 3BN",11,6,5,4
"AL2 3BQ",19,9,10,8
"AL2 3BX",2,0,2,2
"AL2 3BY",7,4,3,2
"AL2 3DA",75,35,40,19
"AL2 3DB",21,9,12,8
"AL2 3DD",25,11,14,10
"AL2 3DE",100,48,52,39
"AL2 3DF",25,13,12,11
"AL2 3DG",31,14,17,19
"AL2 3DH",36,15,21,14
"AL2 3DJ",61,30,31,23
"AL2 3DL",24,11,13,7
"AL2 3DN",28,15,13,10
"AL2 3DP",17,10,7,5
"AL2 3DQ",40,20,20,22
"AL2 3DR",21,8,13,9
"AL2 3DT",13,5,8,11
"AL2 3DU",51,24,27,21
"AL2 3DW",43,13,30,18
"AL2 3DX",21,12,9,10
"AL2 3DY",7,4,3,3
"AL2 3DZ",89,46,43,31
"AL2 3EA",9,4,5,3
"AL2 3EB",75,38,37,27
"AL2 3ED",39,21,18,17
"AL2 3EE",57,26,31,19
"AL2 3EF",24,10,14,7
"AL2 3EJ",7,4,3,4
"AL2 3EL",14,7,7,8
"AL2 3EN",42,20,22,22
"AL2 3EQ",165,76,89,51
"AL2 3ET",25,14,11,14
"AL2 3EZ",16,9,7,11
"AL2 3FB",40,18,22,23
"AL2 3HA",25,12,13,10
"AL2 3HB",31,13,18,12
"AL2 3HD",2,0,2,2
"AL2 3HE",87,41,46,34
"AL2 3HF",18,8,10,8
"AL2 3HG",72,36,36,21
"AL2 3HH",35,10,25,11
"AL2 3HJ",23,10,13,9
"AL2 3HL",80,40,40,27
"AL2 3HN",38,17,21,15
"AL2 3HP",122,67,55,39
"AL2 3HQ",104,52,52,37
"AL2 3HR",52,27,25,22
"AL2 3HS",59,29,30,23
"AL2 3HT",15,7,8,6
"AL2 3HU",19,10,9,6
"AL2 3HW",21,10,11,11
"AL2 3HX",59,33,26,30
"AL2 3HY",65,28,37,30
"AL2 3HZ",3,2,1,1
"AL2 3JE",20,9,11,7
"AL2 3JY",78,41,37,24
"AL2 3JZ",75,40,35,34
"AL2 3LA",7,3,4,3
"AL2 3LB",20,10,10,12
"AL2 3LD",64,33,31,29
"AL2 3LE",2,1,1,1
"AL2 3LF",32,17,15,13
"AL2 3LG",19,9,10,9
"AL2 3LH",61,23,38,29
"AL2 3LJ",41,19,22,14
"AL2 3LL",18,8,10,7
"AL2 3LN",39,16,23,15
"AL2 3LP",35,20,15,14
"AL2 3LR",54,26,28,16
"AL2 3LS",44,22,22,17
"AL2 3LT",75,41,34,27
"AL2 3LU",74,34,40,27
"AL2 3LW",41,21,20,20
"AL2 3LX",22,11,11,10
"AL2 3LY",16,4,12,13
"AL2 3LZ",15,6,9,14
"AL2 3NA",75,36,39,30
"AL2 3NB",46,25,21,17
"AL2 3ND",36,14,22,14
"AL2 3NE",26,12,14,12
"AL2 3NF",106,55,51,37
"AL2 3NG",18,5,13,5
"AL2 3NH",21,9,12,8
"AL2 3NJ",3,2,1,1
"AL2 3NL",11,4,7,4
"AL2 3NN",17,7,10,9
"AL2 3NP",23,11,12,8
"AL2 3NQ",47,23,24,24
"AL2 3NS",4,2,2,2
"AL2 3NT",2,1,1,1
"AL2 3NU",11,5,6,3
"AL2 3NW",4,2,2,1
"AL2 3NX",20,7,13,7
"AL2 3NY",22,12,10,7
"AL2 3PA",7,4,3,3
"AL2 3PB",19,10,9,6
"AL2 3PD",2,1,1,1
"AL2 3PE",5,3,2,2
"AL2 3PF",10,4,6,4
"AL2 3PG",7,3,4,3
"AL2 3PH",11,7,4,3
"AL2 3PL",7,4,3,3
"AL2 3PN",24,14,10,7
"AL2 3PP",9,5,4,4
"AL2 3PQ",1,1,0,1
"AL2 3PS",15,7,8,5
"AL2 3PT",21,11,10,11
"AL2 3PU",14,8,6,5
"AL2 3PW",2,1,1,1
"AL2 3PX",62,27,35,22
"AL2 3PY",25,12,13,13
"AL2 3PZ",38,21,17,15
"AL2 3QA",52,22,30,20
"AL2 3QB",31,15,16,15
"AL2 3QD",22,10,12,9
"AL2 3QE",9,4,5,4
"AL2 3QF",52,23,29,31
"AL2 3QG",51,26,25,34
"AL2 3QJ",61,28,33,25
"AL2 3QL",59,27,32,23
"AL2 3QN",29,15,14,11
"AL2 3QP",36,16,20,13
"AL2 3QQ",26,13,13,14
"AL2 3QR",18,7,11,9
"AL2 3QS",8,4,4,3
"AL2 3QT",19,9,10,7
"AL2 3QU",13,5,8,5
"AL2 3QW",29,15,14,10
"AL2 3QX",66,34,32,25
"AL2 3QY",21,10,11,7
"AL2 3QZ",11,5,6,8
"AL2 3RH",16,7,9,5
"AL2 3RR",6,4,2,3
"AL2 3RS",22,10,12,8
"AL2 3RT",45,23,22,17
"AL2 3RU",68,36,32,26
"AL2 3RW",10,4,6,4
"AL2 3RX",18,9,9,11
"AL2 3RY",21,11,10,10
"AL2 3RZ",33,18,15,14
"AL2 3SA",21,9,12,9
"AL2 3SB",38,19,19,17
"AL2 3SD",9,5,4,3
"AL2 3SE",39,20,19,14
"AL2 3SF",44,23,21,17
"AL2 3SG",51,23,28,17
"AL2 3SH",18,8,10,7
"AL2 3SJ",42,20,22,18
"AL2 3SL",49,21,28,23
"AL2 3SN",97,43,54,37
"AL2 3SP",47,24,23,18
"AL2 3SQ",28,13,15,13
"AL2 3SR",59,33,26,23
"AL2 3SS",45,22,23,15
"AL2 3ST",36,14,22,12
"AL2 3SU",25,14,11,8
"AL2 3SW",36,18,18,13
"AL2 3SX",52,27,25,18
"AL2 3SY",16,8,8,5
"AL2 3SZ",4,2,2,2
"AL2 3TB",9,6,3,2
"AL2 3TD",58,31,27,38
"AL2 3TE",16,8,8,5
"AL2 3TF",34,24,10,26
"AL2 3TH",4,2,2,1
"AL2 3TJ",3,2,1,2
"AL2 3TL",9,5,4,3
"AL2 3TN",75,30,45,0
"AL2 3TQ",4,2,2,2
"AL2 3TS",16,6,10,4
"AL2 3TT",8,4,4,3
"AL2 3TW",16,8,8,6
"AL2 3TX",12,7,5,3
"AL2 3TZ",3,2,1,2
"AL2 3UA",25,12,13,10
"AL2 3UD",6,2,4,4
"AL2 3UF",28,14,14,10
"AL2 3UH",29,18,11,9
"AL2 3UJ",18,8,10,5
"AL2 3UL",18,8,10,5
"AL2 3UN",41,19,22,17
"AL2 3UP",76,39,37,27
"AL2 3UR",11,6,5,8
"AL2 3US",6,3,3,2
"AL2 3UT",22,10,12,12
"AL2 3UU",2,1,1,1
"AL2 3UW",121,51,70,54
"AL2 3UX",93,47,46,29
"AL2 3UY",18,11,7,8
"AL2 3XA",1,1,0,1
"AL2 3XB",9,4,5,4
"AL2 3XD",61,31,30,24
"AL2 3XE",11,6,5,6
"AL2 3XF",19,10,9,7
"AL2 3XG",60,29,31,22
"AL2 3XH",35,17,18,11
"AL2 3XJ",96,47,49,36
"AL2 3XL",79,38,41,33
"AL2 3XN",101,50,51,41
"AL2 3XP",41,20,21,13
"AL2 3XQ",44,22,22,20
"AL2 3XR",18,10,8,8
"AL2 3XS",17,7,10,8
"AL2 3XT",20,7,13,7
"AL2 3XU",27,12,15,13
"AL2 3XW",40,17,23,12
"AL2 3XX",2,1,1,1
"AL2 3XY",16,10,6,12
"AL2 3XZ",19,10,9,8
"AL2 3YA",14,6,8,8
"AL2 3YB",9,6,3,1
"AL2 3YT",12,6,6,5
"AL3 4AA",56,28,28,21
"AL3 4AB",32,20,12,12
"AL3 4AD",72,38,34,23
"AL3 4AE",11,8,3,2
"AL3 4AF",40,19,21,26
"AL3 4AH",40,21,19,12
"AL3 4AJ",11,5,6,4
"AL3 4AL",7,5,2,4
"AL3 4AR",43,27,16,12
"AL3 4AS",64,34,30,24
"AL3 4AT",24,12,12,15
"AL3 4AU",13,8,5,3
"AL3 4AW",7,7,0,1
"AL3 4AY",26,10,16,9
"AL3 4AZ",79,40,39,29
"AL3 4BA",14,7,7,7
"AL3 4BB",42,19,23,19
"AL3 4BD",27,14,13,10
"AL3 4BG",21,9,12,8
"AL3 4BH",24,11,13,8
"AL3 4BJ",42,22,20,13
"AL3 4BL",1,1,0,1
"AL3 4BN",10,5,5,4
"AL3 4BQ",66,36,30,21
"AL3 4BY",26,15,11,13
"AL3 4BZ",15,10,5,5
"AL3 4DA",20,12,8,10
"AL3 4DE",25,13,12,10
"AL3 4DG",15,7,8,10
"AL3 4DH",65,22,43,10
"AL3 4DJ",54,29,25,25
"AL3 4DL",59,27,32,21
"AL3 4DN",22,10,12,10
"AL3 4DQ",3,2,1,2
"AL3 4DR",9,6,3,3
"AL3 4DW",27,16,11,11
"AL3 4DZ",5,3,2,3
"AL3 4EB",20,7,13,12
"AL3 4ED",15,10,5,10
"AL3 4EJ",1,0,1,1
"AL3 4EP",9,2,7,4
"AL3 4ER",21,9,12,11
"AL3 4ES",12,8,4,7
"AL3 4ET",7,3,4,3
"AL3 4EW",3,3,0,2
"AL3 4EZ",4,2,2,3
"AL3 4HA",32,17,15,18
"AL3 4HD",1,1,0,1
"AL3 4HE",13,7,6,5
"AL3 4HG",55,29,26,30
"AL3 4HH",26,16,10,19
"AL3 4HJ",5,1,4,2
"AL3 4HL",24,10,14,15
"AL3 4HN",13,7,6,5
"AL3 4HW",12,4,8,5
"AL3 4HX",59,29,30,21
"AL3 4HY",57,27,30,24
"AL3 4JA",37,19,18,16
"AL3 4JB",69,35,34,25
"AL3 4JD",32,20,12,15
"AL3 4JE",43,21,22,17
"AL3 4JF",45,19,26,19
"AL3 4JG",33,18,15,11
"AL3 4JH",75,36,39,29
"AL3 4JJ",100,53,47,43
"AL3 4JL",29,13,16,13
"AL3 4JN",40,19,21,17
"AL3 4JP",68,30,38,28
"AL3 4JQ",58,30,28,24
"AL3 4JR",47,26,21,17
"AL3 4JS",59,30,29,24
"AL3 4JT",67,36,31,25
"AL3 4JU",23,12,11,11
"AL3 4JW",47,21,26,15
"AL3 4JX",87,45,42,31
"AL3 4JY",83,39,44,33
"AL3 4JZ",4,4,0,3
"AL3 4LA",59,18,41,0
"AL3 4LD",34,18,16,14
"AL3 4LP",38,14,24,18
"AL3 4LR",46,24,22,19
"AL3 4LS",29,17,12,12
"AL3 4LT",64,33,31,27
"AL3 4LU",51,24,27,20
"AL3 4LW",12,6,6,4
"AL3 4LX",36,18,18,16
"AL3 4LY",53,21,32,17
"AL3 4LZ",63,29,34,23
"AL3 4NA",76,37,39,30
"AL3 4NB",90,52,38,35
"AL3 4ND",18,9,9,6
"AL3 4NE",51,21,30,26
"AL3 4NF",24,9,15,11
"AL3 4NG",64,33,31,25
"AL3 4NH",38,21,17,13
"AL3 4NJ",15,10,5,5
"AL3 4NQ",45,22,23,15
"AL3 4PA",10,3,7,6
"AL3 4PE",19,7,12,8
"AL3 4PF",48,26,22,25
"AL3 4PH",30,13,17,19
"AL3 4PJ",28,11,17,17
"AL3 4PN",25,11,14,13
"AL3 4PQ",20,13,7,7
"AL3 4PS",9,4,5,6
"AL3 4PT",6,2,4,4
"AL3 4PU",56,29,27,30
"AL3 4PW",33,14,19,14
"AL3 4PX",14,8,6,5
"AL3 4PY",14,4,10,6
"AL3 4PZ",39,18,21,19
"AL3 4QA",17,10,7,9
"AL3 4QB",14,4,10,8
"AL3 4QD",21,14,7,12
"AL3 4QF",3,2,1,2
"AL3 4QG",48,16,32,26
"AL3 4QH",12,6,6,7
"AL3 4QJ",29,19,10,14
"AL3 4QL",50,24,26,18
"AL3 4QN",21,11,10,7
"AL3 4QP",8,4,4,5
"AL3 4QQ",11,7,4,5
"AL3 4QR",53,24,29,19
"AL3 4QS",44,19,25,18
"AL3 4QT",62,28,34,28
"AL3 4QU",11,5,6,4
"AL3 4QW",14,6,8,8
"AL3 4QY",2,1,1,1
"AL3 4RA",57,26,31,27
"AL3 4RB",63,32,31,25
"AL3 4RQ",29,13,16,15
"AL3 4RS",21,13,8,11
"AL3 4RT",31,13,18,14
"AL3 4RU",70,26,44,29
"AL3 4RX",75,39,36,35
"AL3 4RY",14,9,5,6
"AL3 4RZ",28,11,17,11
"AL3 4SA",3,1,2,2
"AL3 4SB",33,18,15,14
"AL3 4SD",16,9,7,8
"AL3 4SE",3,2,1,1
"AL3 4SF",43,22,21,19
"AL3 4SG",5,3,2,2
"AL3 4SH",8,5,3,4
"AL3 4SJ",4,1,3,2
"AL3 4SL",3,2,1,1
"AL3 4SP",36,19,17,16
"AL3 4SQ",41,20,21,18
"AL3 4ST",10,5,5,3
"AL3 4SU",4,3,1,1
"AL3 4SX",11,5,6,3
"AL3 4SY",15,7,8,7
"AL3 4SZ",37,17,20,14
"AL3 4TA",95,53,42,30
"AL3 4TB",22,7,15,15
"AL3 4TF",14,8,6,8
"AL3 4TG",83,39,44,33
"AL3 4TH",8,4,4,6
"AL3 4TL",162,84,78,57
"AL3 4TN",48,25,23,19
"AL3 4TQ",80,41,39,34
"AL3 4TZ",12,5,7,7
"AL3 5AB",13,8,5,4
"AL3 5AD",36,18,18,12
"AL3 5AE",29,12,17,9
"AL3 5AH",4,2,2,1
"AL3 5AJ",56,28,28,16
"AL3 5AL",92,45,47,25
"AL3 5AN",66,34,32,20
"AL3 5AP",97,43,54,35
"AL3 5AS",29,17,12,10
"AL3 5AT",65,28,37,25
"AL3 5AU",39,24,15,14
"AL3 5AW",68,29,39,24
"AL3 5AX",102,53,49,37
"AL3 5AY",12,5,7,9
"AL3 5AZ",8,3,5,3
"AL3 5BG",5,0,5,3
"AL3 5BJ",17,8,9,7
"AL3 5BN",16,8,8,11
"AL3 5BP",23,9,14,8
"AL3 5BT",7,4,3,4
"AL3 5BU",40,20,20,16
"AL3 5BZ",4,1,3,4
"AL3 5DD",7,3,4,4
"AL3 5DG",13,11,2,7
"AL3 5DU",16,11,5,5
"AL3 5DW",4,2,2,2
"AL3 5ED",1,0,1,1
"AL3 5EG",27,16,11,16
"AL3 5EH",35,16,19,15
"AL3 5EJ",33,18,15,14
"AL3 5EL",6,4,2,6
"AL3 5EN",78,39,39,32
"AL3 5EP",4,3,1,1
"AL3 5ER",7,3,4,3
"AL3 5ES",27,15,12,10
"AL3 5EU",9,2,7,2
"AL3 5EW",41,21,20,21
"AL3 5HE",5,5,0,5
"AL3 5HJ",2,1,1,1
"AL3 5HL",42,21,21,12
"AL3 5HN",101,47,54,35
"AL3 5HP",177,79,98,56
"AL3 5HR",90,44,46,29
"AL3 5HS",84,40,44,26
"AL3 5HT",35,18,17,12
"AL3 5HU",70,30,40,36
"AL3 5HW",95,41,54,31
"AL3 5HX",39,22,17,14
"AL3 5HY",10,4,6,4
"AL3 5JA",3,1,2,1
"AL3 5JD",35,20,15,13
"AL3 5JE",21,11,10,4
"AL3 5JG",36,14,22,15
"AL3 5JH",94,45,49,31
"AL3 5JJ",29,14,15,14
"AL3 5JL",63,33,30,30
"AL3 5JN",41,23,18,20
"AL3 5JP",10,6,4,6
"AL3 5JQ",41,19,22,13
"AL3 5JR",86,41,45,33
"AL3 5JS",59,32,27,26
"AL3 5JT",30,17,13,12
"AL3 5JU",28,15,13,12
"AL3 5JW",34,15,19,19
"AL3 5JX",75,37,38,33
"AL3 5JY",20,13,7,8
"AL3 5JZ",81,41,40,38
"AL3 5LA",63,33,30,30
"AL3 5LB",8,5,3,4
"AL3 5LD",8,6,2,5
"AL3 5LE",41,20,21,29
"AL3 5LF",36,15,21,10
"AL3 5LG",40,21,19,14
"AL3 5LH",121,61,60,41
"AL3 5LJ",8,5,3,1
"AL3 5LL",20,10,10,6
"AL3 5LN",68,31,37,23
"AL3 5LP",23,10,13,8
"AL3 5LQ",21,11,10,9
"AL3 5LR",28,11,17,22
"AL3 5LS",45,21,24,28
"AL3 5LT",7,3,4,2
"AL3 5LU",68,31,37,25
"AL3 5LW",7,4,3,2
"AL3 5LX",99,53,46,30
"AL3 5LY",64,35,29,26
"AL3 5LZ",22,16,6,6
"AL3 5NA",44,25,19,26
"AL3 5NB",48,28,20,27
"AL3 5ND",17,7,10,11
"AL3 5NE",19,13,6,9
"AL3 5NG",82,42,40,36
"AL3 5NH",20,9,11,9
"AL3 5NJ",67,33,34,27
"AL3 5NN",41,18,23,17
"AL3 5NQ",33,19,14,14
"AL3 5NR",55,30,25,23
"AL3 5NS",62,27,35,28
"AL3 5NT",45,25,20,26
"AL3 5NU",7,3,4,4
"AL3 5NW",62,26,36,21
"AL3 5NZ",58,27,31,17
"AL3 5PA",37,19,18,13
"AL3 5PB",15,10,5,5
"AL3 5PD",10,4,6,3
"AL3 5PE",58,30,28,20
"AL3 5PH",62,27,35,21
"AL3 5PJ",133,66,67,53
"AL3 5PL",12,7,5,6
"AL3 5PP",71,33,38,31
"AL3 5PQ",7,2,5,4
"AL3 5PR",50,23,27,20
"AL3 5PS",18,8,10,14
"AL3 5PT",26,12,14,10
"AL3 5PU",14,7,7,7
"AL3 5PW",57,31,26,22
"AL3 5PX",101,44,57,46
"AL3 5PY",47,22,25,19
"AL3 5PZ",61,33,28,24
"AL3 5QA",73,35,38,27
"AL3 5QB",20,10,10,7
"AL3 5QD",46,22,24,16
"AL3 5QE",28,14,14,12
"AL3 5QF",15,9,6,6
"AL3 5QG",38,18,20,17
"AL3 5QH",78,36,42,36
"AL3 5QJ",41,21,20,17
"AL3 5QL",66,38,28,32
"AL3 5QN",65,34,31,28
"AL3 5QP",92,1,91,0
"AL3 5QQ",37,16,21,19
"AL3 5QS",24,17,7,22
"AL3 5QT",107,54,53,36
"AL3 5QU",6,4,2,6
"AL3 5QW",43,20,23,24
"AL3 5QY",8,4,4,3
"AL3 5RA",16,7,9,7
"AL3 5RB",29,14,15,9
"AL3 5RD",12,5,7,3
"AL3 5RE",78,37,41,26
"AL3 5RF",68,13,55,12
"AL3 5RG",8,4,4,3
"AL3 5RH",16,7,9,5
"AL3 5RJ",19,8,11,6
"AL3 5RN",14,7,7,5
"AL3 5RP",3,1,2,1
"AL3 5RQ",54,28,26,19
"AL3 5RR",70,39,31,24
"AL3 5RS",97,46,51,29
"AL3 5RT",45,24,21,15
"AL3 5RU",59,26,33,19
"AL3 5RW",50,23,27,21
"AL3 5RX",71,35,36,20
"AL3 5RY",48,19,29,14
"AL3 5RZ",39,20,19,18
"AL3 5SA",79,35,44,26
"AL3 5SB",91,45,46,29
"AL3 5SD",6,2,4,2
"AL3 5SE",19,11,8,7
"AL3 5SF",25,8,17,7
"AL3 5SG",17,7,10,6
"AL3 5SH",23,15,8,7
"AL3 5SS",33,9,24,27
"AL3 5ST",48,14,34,0
"AL3 5SU",41,17,24,19
"AL3 5SW",7,4,3,3
"AL3 5SX",70,39,31,25
"AL3 5SY",8,5,3,2
"AL3 5SZ",13,6,7,4
"AL3 5TA",34,16,18,15
"AL3 5TB",18,9,9,7
"AL3 5TD",87,41,46,23
"AL3 5TE",58,32,26,18
"AL3 5TF",9,7,2,3
"AL3 5TG",37,14,23,13
"AL3 5TH",54,23,31,17
"AL3 5TJ",34,18,16,17
"AL3 5TN",66,33,33,34
"AL3 5TP",38,13,25,17
"AL3 5TQ",13,7,6,4
"AL3 5TR",23,8,15,10
"AL3 5TS",20,7,13,6
"AL3 5TT",43,18,25,20
"AL3 5TU",91,50,41,37
"AL3 5TW",34,12,22,14
"AL3 5TX",31,15,16,10
"AL3 5TY",7,2,5,3
"AL3 5TZ",84,49,35,33
"AL3 5UA",22,12,10,9
"AL3 5UB",79,42,37,32
"AL3 5UD",38,16,22,13
"AL3 5UE",68,31,37,27
"AL3 5UF",93,41,52,33
"AL3 5UH",26,11,15,8
"AL3 5UJ",88,35,53,30
"AL3 5UL",115,52,63,50
"AL3 5UN",32,15,17,12
"AL3 5UP",165,62,103,61
"AL3 5UQ",13,8,5,7
"AL3 5US",3,1,2,2
"AL3 5UW",99,38,61,33
"AL3 5XA",4,2,2,2
"AL3 6AA",8,4,4,3
"AL3 6AD",15,7,8,4
"AL3 6AE",8,5,3,2
"AL3 6AF",6,4,2,2
"AL3 6AG",4,2,2,2
"AL3 6AH",2,1,1,1
"AL3 6AJ",13,6,7,4
"AL3 6AL",2,1,1,1
"AL3 6AN",4,2,2,2
"AL3 6AP",13,7,6,3
"AL3 6AQ",3,2,1,1
"AL3 6AR",11,4,7,4
"AL3 6AS",14,7,7,9
"AL3 6AW",3,2,1,1
"AL3 6AX",57,27,30,18
"AL3 6AY",37,27,10,20
"AL3 6BA",51,25,26,30
"AL3 6BE",7,3,4,3
"AL3 6BG",93,34,59,27
"AL3 6BJ",41,21,20,14
"AL3 6BL",98,47,51,30
"AL3 6BN",16,11,5,11
"AL3 6BP",41,20,21,14
"AL3 6BQ",71,33,38,22
"AL3 6BS",48,22,26,18
"AL3 6BT",7,3,4,4
"AL3 6BU",115,53,62,37
"AL3 6BW",133,62,71,44
"AL3 6BX",55,28,27,12
"AL3 6BY",46,20,26,17
"AL3 6BZ",87,44,43,27
"AL3 6DA",54,26,28,17
"AL3 6DD",27,13,14,11
"AL3 6DE",45,24,21,14
"AL3 6DF",13,11,2,9
"AL3 6DJ",17,8,9,2
"AL3 6DL",24,15,9,20
"AL3 6DN",57,28,29,21
"AL3 6DP",36,17,19,16
"AL3 6DR",22,9,13,8
"AL3 6DS",30,18,12,12
"AL3 6DU",98,48,50,38
"AL3 6DW",21,10,11,9
"AL3 6DX",40,17,23,14
"AL3 6DY",68,29,39,22
"AL3 6DZ",16,6,10,6
"AL3 6EA",65,33,32,25
"AL3 6EB",21,8,13,10
"AL3 6ED",48,22,26,15
"AL3 6EE",37,17,20,17
"AL3 6EF",11,6,5,5
"AL3 6EG",6,2,4,3
"AL3 6EH",101,52,49,35
"AL3 6EJ",92,37,55,35
"AL3 6EL",68,35,33,21
"AL3 6EQ",121,59,62,40
"AL3 6EU",82,47,35,26
"AL3 6EX",29,14,15,11
"AL3 6EY",74,34,40,25
"AL3 6EZ",17,8,9,9
"AL3 6GY",24,14,10,15
"AL3 6HA",11,4,7,6
"AL3 6HB",15,9,6,4
"AL3 6HD",16,10,6,6
"AL3 6HE",115,49,66,32
"AL3 6HF",30,14,16,10
"AL3 6HG",52,29,23,18
"AL3 6HH",118,56,62,45
"AL3 6HJ",22,11,11,9
"AL3 6HL",80,37,43,30
"AL3 6HN",32,16,16,14
"AL3 6HP",98,50,48,41
"AL3 6HQ",27,13,14,8
"AL3 6HR",84,35,49,31
"AL3 6HS",43,22,21,13
"AL3 6HT",26,10,16,20
"AL3 6HW",23,9,14,16
"AL3 6JB",18,11,7,6
"AL3 6JE",4,2,2,2
"AL3 6JF",12,7,5,3
"AL3 6JG",14,8,6,4
"AL3 6JH",2,1,1,1
"AL3 6JJ",28,15,13,15
"AL3 6JL",3,1,2,1
"AL3 6JN",2,1,1,1
"AL3 6JP",2,1,1,1
"AL3 6JQ",1,1,0,1
"AL3 6JR",1,1,0,1
"AL3 6JS",6,3,3,1
"AL3 6JU",2,2,0,1
"AL3 6JW",8,4,4,2
"AL3 6JX",10,6,4,5
"AL3 6JY",2,1,1,1
"AL3 6JZ",15,11,4,4
"AL3 6LA",2,1,1,1
"AL3 6LB",59,29,30,21
"AL3 6LD",17,6,11,8
"AL3 6LG",60,28,32,24
"AL3 6LH",67,33,34,20
"AL3 6LJ",106,48,58,36
"AL3 6LL",33,11,22,27
"AL3 6LN",12,4,8,4
"AL3 6LP",52,25,27,19
"AL3 6LQ",22,15,7,16
"AL3 6LR",9,5,4,4
"AL3 6LS",80,41,39,31
"AL3 6LT",29,11,18,12
"AL3 6LU",31,19,12,12
"AL3 6LW",48,25,23,19
"AL3 6LX",22,8,14,7
"AL3 6LY",45,25,20,9
"AL3 6LZ",11,6,5,5
"AL3 6NA",52,32,20,18
"AL3 6NB",7,3,4,4
"AL3 6NH",48,21,27,24
"AL3 6NL",14,5,9,6
"AL3 6NP",23,9,14,12
"AL3 6NZ",23,10,13,8
"AL3 6PA",8,4,4,2
"AL3 6RD",2,1,1,1
"AL3 6RE",4,2,2,2
"AL3 6RF",12,6,6,4
"AL3 6RG",9,5,4,4
"AL3 6RH",8,4,4,3
"AL3 6RJ",8,4,4,2
"AL3 6RL",4,2,2,2
"AL3 6RN",7,4,3,3
"AL3 6RQ",1,0,1,1
"AL3 6RR",1,1,0,1
"AL3 6RS",9,3,6,4
"AL3 6RT",18,5,13,8
"AL3 6RW",7,4,3,2
"AL3 7AA",8,3,5,3
"AL3 7AB",2,1,1,1
"AL3 7AD",3,2,1,1
"AL3 7AE",6,2,4,2
"AL3 7AF",10,7,3,0
"AL3 7AG",5,3,2,2
"AL3 7AJ",3,1,2,2
"AL3 7AL",6,2,4,2
"AL3 7AN",30,17,13,12
"AL3 7AP",3,2,1,2
"AL3 7AQ",10,5,5,2
"AL3 7AR",1,1,0,1
"AL3 7AS",8,5,3,2
"AL3 7AU",2,1,1,1
"AL3 7AW",12,7,5,6
"AL3 7BA",3,0,3,3
"AL3 7BB",4,2,2,3
"AL3 7BD",32,14,18,20
"AL3 7BE",14,8,6,5
"AL3 7BG",57,24,33,23
"AL3 7BH",6,4,2,2
"AL3 7BJ",29,13,16,12
"AL3 7BN",12,5,7,5
"AL3 7BP",18,9,9,8
"AL3 7BQ",37,21,16,15
"AL3 7BS",32,17,15,11
"AL3 7BT",16,6,10,11
"AL3 7BU",23,10,13,14
"AL3 7BW",108,56,52,39
"AL3 7BX",67,34,33,28
"AL3 7BY",6,2,4,4
"AL3 7BZ",3,2,1,1
"AL3 7DA",12,5,7,7
"AL3 7DB",16,10,6,7
"AL3 7DD",11,6,5,6
"AL3 7DE",21,11,10,6
"AL3 7DF",14,5,9,5
"AL3 7DG",8,1,7,7
"AL3 7DH",39,21,18,14
"AL3 7DJ",9,5,4,4
"AL3 7DL",40,19,21,16
"AL3 7DN",20,12,8,6
"AL3 7DP",21,11,10,8
"AL3 7DQ",19,11,8,9
"AL3 7DR",58,27,31,23
"AL3 7DS",63,35,28,24
"AL3 7DT",10,5,5,4
"AL3 7DU",75,35,40,36
"AL3 7DW",5,4,1,2
"AL3 7DY",18,9,9,9
"AL3 7DZ",65,39,26,30
"AL3 7EA",61,33,28,30
"AL3 7EB",31,13,18,13
"AL3 7EG",16,9,7,8
"AL3 7EL",59,29,30,22
"AL3 7EN",64,25,39,27
"AL3 7EP",48,24,24,17
"AL3 7EQ",52,28,24,16
"AL3 7ER",13,8,5,6
"AL3 7ES",13,7,6,6
"AL3 7EU",95,48,47,31
"AL3 7EW",67,33,34,26
"AL3 7EX",29,17,12,11
"AL3 7EY",57,25,32,18
"AL3 7EZ",36,26,10,21
"AL3 7FD",4,4,0,4
"AL3 7GA",85,37,48,31
"AL3 7GD",26,11,15,14
"AL3 7GE",108,54,54,41
"AL3 7GF",12,7,5,4
"AL3 7GH",12,5,7,6
"AL3 7HA",4,3,1,3
"AL3 7HB",88,40,48,37
"AL3 7HD",53,21,32,18
"AL3 7HE",41,14,27,22
"AL3 7HF",38,16,22,13
"AL3 7HG",18,7,11,11
"AL3 7HN",9,5,4,2
"AL3 7HP",6,3,3,2
"AL3 7HQ",12,6,6,9
"AL3 7HR",9,4,5,3
"AL3 7HS",76,38,38,29
"AL3 7HT",46,24,22,19
"AL3 7HU",14,6,8,5
"AL3 7HW",17,5,12,9
"AL3 7HX",60,26,34,18
"AL3 7HY",36,20,16,13
"AL3 7HZ",127,53,74,49
"AL3 7JA",34,15,19,14
"AL3 7JB",28,16,12,12
"AL3 7JD",112,51,61,45
"AL3 7JE",121,57,64,40
"AL3 7JF",94,51,43,31
"AL3 7JG",91,54,37,28
"AL3 7JH",20,10,10,5
"AL3 7JJ",11,3,8,6
"AL3 7JL",11,6,5,3
"AL3 7JN",12,7,5,8
"AL3 7JP",94,48,46,39
"AL3 7JQ",30,14,16,10
"AL3 7JR",92,49,43,33
"AL3 7JS",12,4,8,8
"AL3 7JT",4,2,2,2
"AL3 7JU",4,2,2,2
"AL3 7JW",6,3,3,4
"AL3 7JX",73,33,40,32
"AL3 7JY",23,13,10,8
"AL3 7JZ",22,11,11,7
"AL3 7LB",17,8,9,15
"AL3 7LD",22,10,12,12
"AL3 7LE",4,1,3,3
"AL3 7LF",40,17,23,17
"AL3 7LH",6,3,3,2
"AL3 7LJ",11,5,6,6
"AL3 7LL",16,5,11,8
"AL3 7LN",37,18,19,20
"AL3 7LP",39,18,21,24
"AL3 7LR",105,49,56,53
"AL3 7LS",71,37,34,32
"AL3 7LT",55,21,34,30
"AL3 7LU",13,7,6,8
"AL3 7LW",38,22,16,17
"AL3 7LX",2,1,1,1
"AL3 7LY",22,10,12,11
"AL3 7NB",12,8,4,4
"AL3 7ND",35,16,19,15
"AL3 7NG",1,0,1,1
"AL3 7NH",52,25,27,17
"AL3 7NJ",20,8,12,7
"AL3 7NL",97,45,52,36
"AL3 7NN",29,15,14,12
"AL3 7NP",10,7,3,4
"AL3 7NQ",42,16,26,22
"AL3 7NR",23,11,12,15
"AL3 7NS",8,4,4,6
"AL3 7NT",21,13,8,10
"AL3 7NW",8,5,3,5
"AL3 7NX",63,28,35,28
"AL3 7NY",23,6,17,19
"AL3 7NZ",55,22,33,19
"AL3 7PA",7,2,5,5
"AL3 7PB",83,38,45,36
"AL3 7PD",14,7,7,5
"AL3 7PE",85,40,45,29
"AL3 7PF",42,21,21,20
"AL3 7PG",105,49,56,37
"AL3 7PH",24,13,11,8
"AL3 7PJ",58,29,29,21
"AL3 7PL",26,13,13,12
"AL3 7PN",4,1,3,3
"AL3 7PP",3,1,2,1
"AL3 7PQ",6,3,3,1
"AL3 7PR",3,2,1,1
"AL3 7PS",22,10,12,6
"AL3 7PT",3,2,1,1
"AL3 7PU",5,3,2,1
"AL3 7PW",14,7,7,6
"AL3 7PX",4,1,3,1
"AL3 7PY",19,10,9,8
"AL3 7PZ",8,4,4,2
"AL3 7QA",7,4,3,3
"AL3 7QB",17,13,4,9
"AL3 7QE",7,3,4,4
"AL3 7QF",15,5,10,4
"AL3 7QG",50,9,41,0
"AL3 7QN",10,4,6,3
"AL3 7QQ",62,34,28,27
"AL3 7RQ",8,4,4,3
"AL3 7SA",19,10,9,14
"AL3 8AA",4,1,3,2
"AL3 8AB",10,6,4,4
"AL3 8AD",13,7,6,3
"AL3 8AE",4,2,2,1
"AL3 8AF",2,1,1,1
"AL3 8AG",16,11,5,4
"AL3 8AH",2,1,1,1
"AL3 8AJ",10,7,3,4
"AL3 8AL",1,0,1,1
"AL3 8AP",5,4,1,2
"AL3 8AQ",15,8,7,6
"AL3 8AR",2,1,1,1
"AL3 8AS",8,3,5,2
"AL3 8AT",2,1,1,1
"AL3 8AU",3,1,2,1
"AL3 8AW",10,4,6,0
"AL3 8AX",4,2,2,2
"AL3 8AY",4,3,1,1
"AL3 8AZ",4,2,2,2
"AL3 8BA",15,7,8,6
"AL3 8BB",3,0,3,2
"AL3 8BD",9,6,3,2
"AL3 8BH",19,8,11,9
"AL3 8BN",28,13,15,12
"AL3 8BP",64,28,36,25
"AL3 8BS",13,6,7,8
"AL3 8BT",8,5,3,8
"AL3 8BU",27,15,12,12
"AL3 8BW",41,20,21,14
"AL3 8BX",6,3,3,2
"AL3 8BY",23,11,12,12
"AL3 8DA",10,6,4,5
"AL3 8DB",18,10,8,6
"AL3 8DD",11,3,8,5
"AL3 8DE",29,16,13,12
"AL3 8DF",3,2,1,2
"AL3 8DG",50,27,23,18
"AL3 8DH",13,5,8,6
"AL3 8DJ",92,41,51,40
"AL3 8DL",55,29,26,22
"AL3 8DN",6,2,4,4
"AL3 8DP",1,0,1,1
"AL3 8DQ",8,3,5,3
"AL3 8DR",12,6,6,5
"AL3 8DS",17,8,9,5
"AL3 8DU",17,6,11,7
"AL3 8DW",15,8,7,4
"AL3 8DX",4,2,2,2
"AL3 8DY",8,5,3,3
"AL3 8DZ",22,12,10,9
"AL3 8EA",49,25,24,23
"AL3 8EB",55,25,30,23
"AL3 8ED",31,20,11,18
"AL3 8EE",55,30,25,23
"AL3 8EF",66,41,25,24
"AL3 8EG",15,8,7,6
"AL3 8EN",16,7,9,11
"AL3 8EP",50,27,23,18
"AL3 8ER",13,4,9,5
"AL3 8ES",4,2,2,2
"AL3 8ET",5,2,3,2
"AL3 8EU",17,9,8,5
"AL3 8EW",7,3,4,3
"AL3 8EX",7,5,2,3
"AL3 8EY",7,3,4,2
"AL3 8HA",4,1,3,2
"AL3 8HB",1,1,0,1
"AL3 8HD",2,2,0,1
"AL3 8HG",1,1,0,1
"AL3 8HH",1,0,1,1
"AL3 8HJ",20,10,10,5
"AL3 8HL",68,38,30,28
"AL3 8HN",10,5,5,4
"AL3 8HQ",3,2,1,2
"AL3 8HR",26,16,10,16
"AL3 8HU",33,20,13,15
"AL3 8HW",8,4,4,2
"AL3 8HX",12,4,8,6
"AL3 8HY",41,21,20,19
"AL3 8HZ",22,10,12,9
"AL3 8JB",106,50,56,40
"AL3 8JD",1,0,1,1
"AL3 8JE",49,20,29,27
"AL3 8JF",38,11,27,16
"AL3 8JG",43,20,23,27
"AL3 8JJ",8,4,4,2
"AL3 8JL",29,16,13,12
"AL3 8JN",70,34,36,28
"AL3 8JP",69,29,40,32
"AL3 8JQ",22,10,12,6
"AL3 8JR",53,27,26,25
"AL3 8JS",86,44,42,40
"AL3 8JT",21,11,10,6
"AL3 8JU",15,6,9,8
"AL3 8JW",52,25,27,17
"AL3 8JX",68,36,32,35
"AL3 8JY",4,1,3,4
"AL3 8JZ",30,15,15,18
"AL3 8LA",7,3,4,3
"AL3 8LB",14,4,10,10
"AL3 8LD",9,4,5,3
"AL3 8LE",24,10,14,15
"AL3 8LF",15,9,6,5
"AL3 8LJ",11,4,7,5
"AL3 8LL",13,8,5,4
"AL3 8LN",35,17,18,10
"AL3 8LP",5,3,2,3
"AL3 8LR",5,1,4,3
"AL3 8LS",2,1,1,1
"AL3 8LT",4,2,2,2
"AL3 8LW",5,1,4,2
"AL3 8LY",146,75,71,59
"AL3 8LZ",15,8,7,7
"AL3 8NA",36,21,15,13
"AL3 8NB",20,11,9,7
"AL3 8ND",40,22,18,14
"AL3 8NE",52,25,27,18
"AL3 8NF",39,18,21,13
"AL3 8NG",35,18,17,12
"AL3 8NH",13,8,5,5
"AL3 8NL",2,1,1,1
"AL3 8NP",6,2,4,3
"AL3 8NQ",19,7,12,16
"AL3 8NT",9,6,3,7
"AL3 8NW",2,1,1,1
"AL3 8NX",20,9,11,17
"AL3 8NY",14,5,9,10
"AL3 8NZ",45,24,21,22
"AL3 8PA",9,5,4,5
"AL3 8PB",45,22,23,18
"AL3 8PD",50,24,26,16
"AL3 8PE",10,4,6,4
"AL3 8PF",10,6,4,4
"AL3 8PG",48,28,20,20
"AL3 8PH",15,6,9,5
"AL3 8PJ",17,9,8,8
"AL3 8PL",46,19,27,18
"AL3 8PN",46,22,24,20
"AL3 8PP",53,29,24,28
"AL3 8PQ",7,6,1,4
"AL3 8PR",82,44,38,28
"AL3 8PS",61,33,28,22
"AL3 8PT",64,31,33,20
"AL3 8PU",16,8,8,6
"AL3 8PW",38,17,21,17
"AL3 8PX",14,7,7,7
"AL3 8PY",8,5,3,2
"AL3 8PZ",20,13,7,6
"AL3 8QA",2,1,1,1
"AL3 8QB",33,7,26,2
"AL3 8QD",46,24,22,18
"AL3 8QE",18,10,8,5
"AL3 8QF",32,19,13,13
"AL3 8QG",16,7,9,6
"AL3 8QH",3,2,1,1
"AL3 8QJ",1,1,0,1
"AL3 8QL",10,4,6,4
"AL3 8QQ",14,7,7,7
"AL3 8RA",11,4,7,5
"AL3 8RB",63,27,36,28
"AL3 8RD",74,38,36,29
"AL3 8RE",16,7,9,6
"AL3 8RF",52,27,25,18
"AL3 8RG",41,23,18,18
"AL3 8RH",22,11,11,7
"AL3 8RJ",41,24,17,20
"AL3 8RL",19,9,10,6
"AL3 8RN",19,10,9,6
"AL3 8RP",51,29,22,23
"AL3 8RQ",35,16,19,17
"AL3 8RR",11,4,7,9
"AL3 8RS",63,35,28,24
"AL3 8RT",26,15,11,15
"AL3 8RU",61,27,34,24
"AL3 8RW",34,15,19,14
"AL3 8RX",58,25,33,26
"AL3 8RY",1,0,1,1
"AL3 8RZ",14,7,7,11
"AL4 0AA",22,13,9,14
"AL4 0AB",33,19,14,12
"AL4 0AD",28,15,13,9
"AL4 0AE",41,19,22,16
"AL4 0AG",45,26,19,12
"AL4 0AJ",28,18,10,9
"AL4 0AN",22,11,11,14
"AL4 0AQ",33,16,17,12
"AL4 0AS",20,10,10,11
"AL4 0AT",29,15,14,4
"AL4 0AW",9,5,4,4
"AL4 0AY",16,10,6,12
"AL4 0AZ",24,16,8,11
"AL4 0BA",56,26,30,23
"AL4 0BD",40,18,22,15
"AL4 0BE",39,12,27,17
"AL4 0BF",6,3,3,6
"AL4 0BG",12,5,7,4
"AL4 0BH",45,20,25,16
"AL4 0BJ",53,25,28,22
"AL4 0BL",43,25,18,19
"AL4 0BN",51,23,28,12
"AL4 0BP",29,13,16,13
"AL4 0BS",35,15,20,11
"AL4 0BT",79,40,39,26
"AL4 0BU",25,11,14,11
"AL4 0BW",5,2,3,2
"AL4 0BX",66,32,34,21
"AL4 0BY",64,31,33,18
"AL4 0DA",10,4,6,3
"AL4 0DB",30,18,12,10
"AL4 0DD",11,7,4,5
"AL4 0DE",37,18,19,11
"AL4 0DF",2,1,1,1
"AL4 0DG",19,9,10,5
"AL4 0DH",152,81,71,42
"AL4 0DJ",32,14,18,11
"AL4 0DL",95,50,45,57
"AL4 0DN",49,20,29,15
"AL4 0DP",30,16,14,10
"AL4 0DQ",40,21,19,14
"AL4 0DR",114,63,51,38
"AL4 0DS",111,50,61,40
"AL4 0DT",16,7,9,6
"AL4 0DU",159,81,78,47
"AL4 0DW",84,33,51,39
"AL4 0DX",26,15,11,10
"AL4 0DY",43,24,19,13
"AL4 0DZ",30,16,14,10
"AL4 0EA",20,11,9,8
"AL4 0EB",30,17,13,12
"AL4 0ED",19,11,8,6
"AL4 0EE",21,10,11,6
"AL4 0EF",21,11,10,8
"AL4 0EG",38,21,17,14
"AL4 0EH",33,16,17,11
"AL4 0EJ",44,27,17,12
"AL4 0EL",70,38,32,25
"AL4 0EN",104,57,47,32
"AL4 0EP",9,5,4,3
"AL4 0EQ",27,12,15,11
"AL4 0ER",73,38,35,25
"AL4 0ES",42,24,18,9
"AL4 0ET",96,50,46,31
"AL4 0EU",86,45,41,27
"AL4 0EW",8,3,5,3
"AL4 0EX",57,30,27,17
"AL4 0EY",100,56,44,58
"AL4 0EZ",66,39,27,23
"AL4 0FE",14,13,1,2
"AL4 0FF",3,1,2,2
"AL4 0FG",11,6,5,4
"AL4 0FH",14,6,8,3
"AL4 0FJ",80,49,31,26
"AL4 0FL",18,8,10,6
"AL4 0FN",69,31,38,26
"AL4 0GB",45,25,20,16
"AL4 0GD",42,17,25,14
"AL4 0GE",16,6,10,7
"AL4 0GF",47,27,20,16
"AL4 0GG",11,6,5,4
"AL4 0GH",25,13,12,7
"AL4 0GL",12,4,8,4
"AL4 0GN",29,14,15,12
"AL4 0GP",23,14,9,10
"AL4 0GQ",28,14,14,9
"AL4 0GR",10,6,4,3
"AL4 0GS",22,11,11,7
"AL4 0GT",58,30,28,17
"AL4 0GU",28,14,14,8
"AL4 0GW",15,6,9,8
"AL4 0GX",69,35,34,28
"AL4 0GY",158,77,81,63
"AL4 0HA",32,20,12,11
"AL4 0HB",70,35,35,29
"AL4 0HD",47,25,22,17
"AL4 0HG",9,6,3,4
"AL4 0HH",27,14,13,10
"AL4 0HJ",44,21,23,22
"AL4 0HL",2,0,2,2
"AL4 0HP",12,6,6,8
"AL4 0HQ",24,13,11,8
"AL4 0HR",36,15,21,16
"AL4 0HS",54,27,27,21
"AL4 0HT",4,2,2,1
"AL4 0HW",11,5,6,5
"AL4 0HX",19,10,9,8
"AL4 0JA",33,15,18,1
"AL4 0JE",6,1,5,3
"AL4 0JF",4,1,3,1
"AL4 0JG",212,95,117,70
"AL4 0JH",36,17,19,12
"AL4 0JP",65,30,35,26
"AL4 0LE",32,20,12,20
"AL4 0ND",33,15,18,12
"AL4 0NE",8,3,5,4
"AL4 0NF",3,1,2,2
"AL4 0NH",25,13,12,7
"AL4 0NJ",14,8,6,6
"AL4 0NL",86,42,44,35
"AL4 0NN",26,13,13,10
"AL4 0NP",23,11,12,8
"AL4 0NQ",11,7,4,5
"AL4 0NR",52,25,27,26
"AL4 0NS",78,43,35,38
"AL4 0NU",16,7,9,8
"AL4 0NW",51,27,24,20
"AL4 0NX",2,1,1,1
"AL4 0NY",2,1,1,1
"AL4 0NZ",6,4,2,3
"AL4 0PA",9,3,6,4
"AL4 0PB",5,3,2,2
"AL4 0PD",10,6,4,5
"AL4 0PF",2,1,1,1
"AL4 0PG",8,4,4,5
"AL4 0PH",104,49,55,42
"AL4 0PJ",4,2,2,1
"AL4 0PL",4,2,2,1
"AL4 0PP",23,10,13,9
"AL4 0PQ",12,6,6,8
"AL4 0PR",50,28,22,17
"AL4 0PS",43,24,19,19
"AL4 0PT",65,27,38,21
"AL4 0PU",22,11,11,6
"AL4 0PX",77,36,41,30
"AL4 0PY",95,50,45,32
"AL4 0PZ",17,5,12,13
"AL4 0QA",58,28,30,23
"AL4 0QB",1,1,0,1
"AL4 0QD",17,9,8,9
"AL4 0QE",45,24,21,23
"AL4 0QF",71,33,38,31
"AL4 0QG",45,23,22,21
"AL4 0QH",3,2,1,1
"AL4 0QJ",91,53,38,30
"AL4 0QL",58,25,33,21
"AL4 0QN",63,31,32,20
"AL4 0QQ",35,15,20,13
"AL4 0QR",76,35,41,30
"AL4 0QS",69,39,30,28
"AL4 0QT",9,6,3,4
"AL4 0QW",48,26,22,15
"AL4 0RA",6,6,0,0
"AL4 0RE",13,8,5,4
"AL4 0RH",16,8,8,8
"AL4 0RJ",13,7,6,5
"AL4 0RL",11,5,6,4
"AL4 0RN",56,30,26,22
"AL4 0RP",37,12,25,15
"AL4 0RQ",26,12,14,8
"AL4 0RS",4,2,2,2
"AL4 0RT",9,4,5,3
"AL4 0RU",5,4,1,2
"AL4 0RW",50,27,23,23
"AL4 0RX",131,69,62,45
"AL4 0RZ",8,4,4,5
"AL4 0SB",130,66,64,48
"AL4 0SD",57,25,32,21
"AL4 0SE",50,25,25,21
"AL4 0SF",4,2,2,4
"AL4 0SH",21,11,10,7
"AL4 0SL",58,25,33,19
"AL4 0SN",15,11,4,4
"AL4 0SP",1,0,1,1
"AL4 0SQ",115,53,62,43
"AL4 0SR",42,21,21,23
"AL4 0SS",17,10,7,6
"AL4 0ST",51,23,28,19
"AL4 0SU",8,6,2,6
"AL4 0SW",46,17,29,21
"AL4 0SX",87,46,41,30
"AL4 0SY",54,29,25,19
"AL4 0SZ",19,10,9,8
"AL4 0TA",30,15,15,14
"AL4 0TB",21,11,10,12
"AL4 0TD",41,17,24,16
"AL4 0TE",46,26,20,18
"AL4 0TF",46,26,20,16
"AL4 0TG",14,6,8,6
"AL4 0TH",6,3,3,3
"AL4 0TJ",38,17,21,15
"AL4 0TL",33,18,15,16
"AL4 0TN",78,38,40,30
"AL4 0TP",7,4,3,4
"AL4 0TQ",28,15,13,14
"AL4 0TR",22,13,9,8
"AL4 0TS",21,10,11,8
"AL4 0TU",37,17,20,12
"AL4 0TX",49,26,23,16
"AL4 0TY",13,8,5,6
"AL4 0TZ",19,8,11,1
"AL4 0UA",33,19,14,10
"AL4 0UB",71,35,36,29
"AL4 0UD",13,7,6,6
"AL4 0UE",42,23,19,15
"AL4 0UH",20,10,10,8
"AL4 0UJ",11,6,5,3
"AL4 0UL",129,65,64,46
"AL4 0UN",24,11,13,12
"AL4 0UP",108,52,56,39
"AL4 0UQ",26,14,12,18
"AL4 0UR",25,11,14,7
"AL4 0UU",29,16,13,12
"AL4 0UW",119,68,51,38
"AL4 0UX",8,6,2,5
"AL4 0UY",109,55,54,35
"AL4 0UZ",128,65,63,39
"AL4 0XA",58,31,27,20
"AL4 0XD",76,42,34,31
"AL4 0XE",22,10,12,6
"AL4 0XF",17,7,10,5
"AL4 0XG",5,3,2,1
"AL4 0XH",221,105,116,72
"AL4 0XL",93,49,44,30
"AL4 0XP",59,34,25,21
"AL4 0XR",1,1,0,1
"AL4 0XS",73,38,35,31
"AL4 0XT",7,3,4,2
"AL4 0XW",51,26,25,20
"AL4 0XX",14,5,9,4
"AL4 0XZ",15,12,3,11
"AL4 8AA",14,8,6,8
"AL4 8AD",23,13,10,8
"AL4 8AE",9,5,4,4
"AL4 8AF",16,6,10,6
"AL4 8AG",3,2,1,1
"AL4 8AH",63,33,30,21
"AL4 8AJ",40,21,19,14
"AL4 8AL",3,2,1,2
"AL4 8AN",63,33,30,25
"AL4 8AP",8,4,4,5
"AL4 8AQ",71,35,36,26
"AL4 8AR",1,1,0,1
"AL4 8AS",59,32,27,24
"AL4 8AT",116,53,63,41
"AL4 8AU",81,40,41,33
"AL4 8AW",13,8,5,7
"AL4 8AX",18,8,10,9
"AL4 8AY",31,14,17,13
"AL4 8BA",31,15,16,12
"AL4 8BB",43,25,18,18
"AL4 8BE",20,8,12,8
"AL4 8BG",38,20,18,13
"AL4 8BH",11,6,5,5
"AL4 8BJ",26,11,15,13
"AL4 8BL",25,7,18,20
"AL4 8BN",8,3,5,8
"AL4 8BP",4,1,3,1
"AL4 8BS",3,3,0,1
"AL4 8BT",1,1,0,1
"AL4 8BU",17,7,10,4
"AL4 8BX",52,29,23,28
"AL4 8BY",19,9,10,7
"AL4 8BZ",22,10,12,7
"AL4 8DA",26,16,10,14
"AL4 8DB",37,17,20,13
"AL4 8DD",17,9,8,5
"AL4 8DE",15,7,8,5
"AL4 8DF",133,66,67,54
"AL4 8DG",20,8,12,12
"AL4 8DL",8,5,3,3
"AL4 8DN",29,13,16,10
"AL4 8DP",17,7,10,8
"AL4 8DQ",15,8,7,15
"AL4 8DS",1,1,0,1
"AL4 8DT",3,2,1,3
"AL4 8DW",3,2,1,2
"AL4 8DX",4,2,2,2
"AL4 8DY",49,23,26,25
"AL4 8DZ",13,7,6,4
"AL4 8EA",13,7,6,4
"AL4 8EB",18,10,8,6
"AL4 8ED",6,2,4,2
"AL4 8EE",7,2,5,2
"AL4 8EF",10,4,6,4
"AL4 8EG",1,1,0,1
"AL4 8EJ",42,20,22,12
"AL4 8EL",8,7,1,2
"AL4 8EN",13,8,5,4
"AL4 8EP",12,7,5,6
"AL4 8EQ",3,2,1,2
"AL4 8ER",4,2,2,2
"AL4 8ES",9,5,4,5
"AL4 8ET",8,3,5,3
"AL4 8EU",2,1,1,1
"AL4 8EW",4,2,2,1
"AL4 8EX",4,2,2,1
"AL4 8EY",30,18,12,10
"AL4 8FB",7,4,3,3
"AL4 8FD",112,54,58,37
"AL4 8FE",33,15,18,14
"AL4 8FF",52,22,30,18
"AL4 8FG",13,5,8,5
"AL4 8FH",48,18,30,18
"AL4 8FJ",43,20,23,24
"AL4 8GD",2,0,2,1
"AL4 8HA",12,5,7,6
"AL4 8HD",8,4,4,4
"AL4 8HE",25,14,11,7
"AL4 8HF",6,3,3,1
"AL4 8HH",43,19,24,21
"AL4 8HJ",37,18,19,19
"AL4 8HL",50,26,24,24
"AL4 8HN",58,27,31,21
"AL4 8HP",25,12,13,10
"AL4 8HQ",45,23,22,15
"AL4 8HR",32,15,17,14
"AL4 8HS",22,11,11,11
"AL4 8HT",68,31,37,26
"AL4 8HU",3,1,2,2
"AL4 8HW",24,11,13,10
"AL4 8HX",20,9,11,8
"AL4 8HY",42,21,21,20
"AL4 8HZ",61,30,31,22
"AL4 8JA",7,2,5,2
"AL4 8JB",9,4,5,4
"AL4 8JD",78,37,41,32
"AL4 8JE",13,6,7,7
"AL4 8JF",23,12,11,7
"AL4 8JG",49,23,26,22
"AL4 8JH",19,10,9,8
"AL4 8JJ",83,37,46,37
"AL4 8JN",55,15,40,46
"AL4 8JQ",57,25,32,21
"AL4 8LA",20,8,12,9
"AL4 8LB",22,12,10,7
"AL4 8LD",48,24,24,18
"AL4 8LE",15,5,10,5
"AL4 8LF",15,7,8,5
"AL4 8LG",35,19,16,10
"AL4 8LH",19,8,11,7
"AL4 8LJ",98,48,50,30
"AL4 8LL",40,19,21,16
"AL4 8LN",35,17,18,11
"AL4 8LP",25,12,13,14
"AL4 8LQ",19,12,7,7
"AL4 8LR",31,14,17,12
"AL4 8LS",21,10,11,11
"AL4 8LT",12,7,5,6
"AL4 8LU",35,17,18,15
"AL4 8LW",51,27,24,18
"AL4 8LX",24,13,11,8
"AL4 8LY",127,60,67,51
"AL4 8LZ",14,8,6,5
"AL4 8ND",6,2,4,2
"AL4 8NG",5,2,3,2
"AL4 8NH",23,12,11,9
"AL4 8NJ",22,12,10,10
"AL4 8NN",22,10,12,7
"AL4 8NP",31,18,13,12
"AL4 8NQ",99,44,55,38
"AL4 8NR",87,48,39,35
"AL4 8NS",54,23,31,16
"AL4 8NT",15,9,6,4
"AL4 8NU",24,12,12,8
"AL4 8NW",80,39,41,37
"AL4 8NX",3,1,2,2
"AL4 8NY",39,21,18,17
"AL4 8NZ",86,40,46,34
"AL4 8PA",24,9,15,10
"AL4 8PB",75,36,39,32
"AL4 8PD",64,33,31,31
"AL4 8PE",92,45,47,39
"AL4 8PF",6,3,3,4
"AL4 8PG",16,8,8,4
"AL4 8PL",14,7,7,8
"AL4 8PP",5,1,4,1
"AL4 8PR",73,31,42,33
"AL4 8PS",25,14,11,10
"AL4 8PU",26,13,13,9
"AL4 8PW",38,19,19,17
"AL4 8PX",80,40,40,35
"AL4 8PZ",47,20,27,17
"AL4 8QA",19,10,9,8
"AL4 8QB",47,23,24,19
"AL4 8QD",68,33,35,23
"AL4 8QE",69,30,39,26
"AL4 8QF",38,19,19,14
"AL4 8QG",40,17,23,15
"AL4 8QH",49,22,27,18
"AL4 8QJ",64,30,34,23
"AL4 8QL",16,6,10,10
"AL4 8QQ",9,4,5,2
"AL4 8QZ",13,4,9,6
"AL4 8RA",14,8,6,5
"AL4 8RB",2,1,1,1
"AL4 8RD",8,3,5,3
"AL4 8RE",47,21,26,20
"AL4 8RG",2,1,1,1
"AL4 8RH",13,7,6,5
"AL4 8RJ",6,3,3,4
"AL4 8RL",15,9,6,5
"AL4 8RN",4,2,2,1
"AL4 8RP",30,14,16,13
"AL4 8RQ",25,12,13,9
"AL4 8RR",29,14,15,11
"AL4 8RS",13,6,7,6
"AL4 8RT",15,9,6,6
"AL4 8RU",26,14,12,12
"AL4 8RW",14,7,7,4
"AL4 8RX",13,6,7,5
"AL4 8RY",24,12,12,10
"AL4 8RZ",15,7,8,5
"AL4 8SA",9,5,4,4
"AL4 8TA",15,6,9,4
"AL4 8TB",32,12,20,13
"AL4 8TD",69,32,37,27
"AL4 8TE",44,22,22,16
"AL4 8TF",6,4,2,4
"AL4 8TG",13,8,5,4
"AL4 8TH",96,42,54,36
"AL4 8TJ",110,48,62,40
"AL4 8TL",95,48,47,31
"AL4 8TN",60,26,34,23
"AL4 8TP",91,43,48,35
"AL4 8TQ",84,34,50,37
"AL4 8TR",21,10,11,9
"AL4 8TS",17,10,7,5
"AL4 8TT",39,17,22,12
"AL4 8TW",49,17,32,21
"AL4 9AA",51,26,25,18
"AL4 9AB",12,5,7,4
"AL4 9AD",35,14,21,10
"AL4 9AE",8,4,4,2
"AL4 9AF",38,20,18,15
"AL4 9AH",106,52,54,43
"AL4 9AJ",91,39,52,41
"AL4 9AL",60,25,35,23
"AL4 9AN",24,10,14,8
"AL4 9AP",35,17,18,12
"AL4 9AQ",41,21,20,28
"AL4 9AR",41,22,19,16
"AL4 9AS",3,2,1,1
"AL4 9AT",45,26,19,15
"AL4 9AU",17,6,11,6
"AL4 9AW",41,18,23,17
"AL4 9AX",97,49,48,43
"AL4 9AZ",32,14,18,10
"AL4 9BA",28,13,15,21
"AL4 9BB",52,21,31,24
"AL4 9BD",36,15,21,26
"AL4 9BG",18,7,11,7
"AL4 9BH",20,12,8,9
"AL4 9BJ",143,71,72,63
"AL4 9BL",15,9,6,9
"AL4 9BN",26,13,13,16
"AL4 9BQ",1,1,0,1
"AL4 9BS",11,4,7,4
"AL4 9BT",25,14,11,16
"AL4 9BU",59,28,31,26
"AL4 9BX",14,7,7,6
"AL4 9BY",24,11,13,12
"AL4 9BZ",35,15,20,16
"AL4 9DA",19,9,10,10
"AL4 9DB",46,25,21,20
"AL4 9DD",14,9,5,7
"AL4 9DE",7,4,3,3
"AL4 9DF",13,6,7,4
"AL4 9DG",12,5,7,7
"AL4 9DH",25,2,23,1
"AL4 9DJ",10,5,5,5
"AL4 9DL",31,15,16,16
"AL4 9DN",5,1,4,4
"AL4 9DP",71,32,39,29
"AL4 9DQ",47,9,38,1
"AL4 9DR",5,3,2,3
"AL4 9DS",58,30,28,18
"AL4 9DU",53,24,29,25
"AL4 9DW",40,19,21,18
"AL4 9DX",30,12,18,20
"AL4 9DY",37,22,15,22
"AL4 9DZ",23,11,12,10
"AL4 9EA",45,20,25,18
"AL4 9EB",1,0,1,1
"AL4 9ED",25,9,16,9
"AL4 9EE",7,4,3,2
"AL4 9EF",33,15,18,11
"AL4 9EG",13,6,7,3
"AL4 9EH",34,18,16,12
"AL4 9EJ",52,23,29,22
"AL4 9EL",41,22,19,14
"AL4 9EN",14,6,8,8
"AL4 9EP",66,36,30,25
"AL4 9EQ",45,23,22,15
"AL4 9ER",8,4,4,2
"AL4 9ES",23,11,12,10
"AL4 9ET",28,15,13,14
"AL4 9EU",4,2,2,2
"AL4 9EW",3,1,2,2
"AL4 9EX",91,45,46,34
"AL4 9EY",19,10,9,7
"AL4 9EZ",18,8,10,7
"AL4 9FG",4,1,3,1
"AL4 9HA",82,43,39,40
"AL4 9HB",99,54,45,43
"AL4 9HD",75,32,43,29
"AL4 9HE",12,7,5,7
"AL4 9HF",5,2,3,2
"AL4 9HG",4,2,2,2
"AL4 9HH",9,3,6,3
"AL4 9HJ",19,10,9,4
"AL4 9HL",4,3,1,2
"AL4 9HN",7,2,5,2
"AL4 9HP",4,3,1,2
"AL4 9HR",9,5,4,3
"AL4 9HS",15,6,9,8
"AL4 9HT",53,21,32,23
"AL4 9HU",61,30,31,24
"AL4 9HW",10,4,6,4
"AL4 9HX",7,4,3,3
"AL4 9HY",62,28,34,25
"AL4 9HZ",23,10,13,11
"AL4 9JA",127,70,57,46
"AL4 9JB",74,32,42,33
"AL4 9JD",61,26,35,21
"AL4 9JE",139,72,67,67
"AL4 9JF",104,50,54,48
"AL4 9JG",80,41,39,37
"AL4 9JH",47,22,25,17
"AL4 9JJ",64,33,31,22
"AL4 9JL",42,23,19,19
"AL4 9JN",59,28,31,28
"AL4 9JP",40,20,20,20
"AL4 9JQ",62,30,32,21
"AL4 9JR",19,8,11,7
"AL4 9JS",35,18,17,11
"AL4 9JT",28,13,15,18
"AL4 9JU",79,37,42,37
"AL4 9JW",42,22,20,13
"AL4 9JX",92,50,42,34
"AL4 9JZ",66,43,23,42
"AL4 9LA",33,16,17,11
"AL4 9LB",10,6,4,3
"AL4 9LD",57,27,30,24
"AL4 9LE",50,25,25,20
"AL4 9LF",93,43,50,39
"AL4 9LG",27,12,15,7
"AL4 9LH",90,44,46,25
"AL4 9LJ",22,12,10,8
"AL4 9LL",61,31,30,20
"AL4 9LN",35,14,21,10
"AL4 9LP",56,26,30,20
"AL4 9LQ",8,5,3,1
"AL4 9LS",61,30,31,23
"AL4 9LT",50,23,27,22
"AL4 9LU",12,5,7,5
"AL4 9LW",4,2,2,1
"AL4 9LX",47,20,27,14
"AL4 9LY",26,13,13,11
"AL4 9LZ",49,24,25,16
"AL4 9NA",17,7,10,9
"AL4 9NB",56,21,35,27
"AL4 9ND",28,17,11,12
"AL4 9NE",23,9,14,12
"AL4 9NF",36,15,21,18
"AL4 9NG",11,5,6,8
"AL4 9NJ",64,30,34,33
"AL4 9NL",27,14,13,21
"AL4 9NN",81,38,43,43
"AL4 9NP",107,48,59,43
"AL4 9NQ",7,3,4,2
"AL4 9NR",42,23,19,16
"AL4 9NS",18,11,7,4
"AL4 9NT",11,5,6,5
"AL4 9NU",43,20,23,16
"AL4 9NW",68,30,38,31
"AL4 9NY",59,29,30,21
"AL4 9NZ",15,9,6,6
"AL4 9PA",38,17,21,13
"AL4 9PD",16,7,9,5
"AL4 9PE",79,38,41,27
"AL4 9PF",111,55,56,37
"AL4 9PG",15,7,8,7
"AL4 9PH",50,25,25,21
"AL4 9PJ",86,43,43,32
"AL4 9PL",45,20,25,14
"AL4 9PN",7,3,4,5
"AL4 9PP",43,22,21,17
"AL4 9PQ",39,20,19,14
"AL4 9PR",36,16,20,13
"AL4 9PS",74,39,35,28
"AL4 9PW",24,14,10,7
"AL4 9QA",12,5,7,5
"AL4 9QB",75,30,45,24
"AL4 9QD",69,32,37,21
"AL4 9QE",22,12,10,6
"AL4 9QF",31,12,19,12
"AL4 9QG",65,34,31,25
"AL4 9QH",68,33,35,18
"AL4 9QJ",62,30,32,20
"AL4 9QL",47,24,23,13
"AL4 9QN",75,38,37,45
"AL4 9QP",47,21,26,27
"AL4 9QQ",49,22,27,16
"AL4 9QR",59,33,26,32
"AL4 9QS",70,33,37,33
"AL4 9QU",77,38,39,33
"AL4 9QW",53,28,25,33
"AL4 9QX",25,17,8,12
"AL4 9QY",47,14,33,40
"AL4 9QZ",17,10,7,5
"AL4 9RA",12,4,8,4
"AL4 9RB",49,27,22,15
"AL4 9RD",26,15,11,9
"AL4 9RG",10,6,4,6
"AL4 9RH",13,7,6,5
"AL4 9RJ",61,31,30,31
"AL4 9RL",10,4,6,2
"AL4 9RN",51,27,24,19
"AL4 9RP",45,27,18,18
"AL4 9RR",20,11,9,7
"AL4 9RS",71,31,40,24
"AL4 9RT",68,34,34,23
"AL4 9RU",18,9,9,6
"AL4 9RW",46,23,23,14
"AL4 9RX",49,27,22,15
"AL4 9RY",43,25,18,14
"AL4 9RZ",25,13,12,10
"AL4 9SA",41,21,20,14
"AL4 9SD",19,8,11,7
"AL4 9SH",30,12,18,15
"AL4 9SJ",73,41,32,32
"AL4 9SL",45,21,24,18
"AL4 9SN",49,29,20,20
"AL4 9SP",19,9,10,8
"AL4 9SR",33,16,17,13
"AL4 9SS",35,18,17,13
"AL4 9ST",37,19,18,12
"AL4 9SU",35,17,18,16
"AL4 9SW",45,18,27,23
"AL4 9SX",13,4,9,10
"AL4 9SY",16,6,10,11
"AL4 9SZ",43,19,24,18
"AL4 9TA",2,0,2,2
"AL4 9TB",88,39,49,31
"AL4 9TE",17,6,11,8
"AL4 9TF",82,43,39,30
"AL4 9TG",41,22,19,16
"AL4 9TH",34,15,19,12
"AL4 9TJ",26,11,15,10
"AL4 9TL",55,24,31,21
"AL4 9TN",41,18,23,18
"AL4 9TP",34,16,18,13
"AL4 9TQ",46,20,26,16
"AL4 9TR",48,22,26,26
"AL4 9TS",14,7,7,9
"AL4 9TT",109,45,64,57
"AL4 9TU",2,1,1,1
"AL4 9TW",62,32,30,23
"AL4 9TX",41,19,22,20
"AL4 9TY",65,30,35,33
"AL4 9TZ",56,33,23,28
"AL4 9UA",66,29,37,36
"AL4 9UB",9,4,5,4
"AL4 9UD",30,15,15,12
"AL4 9UE",62,23,39,25
"AL4 9UF",53,24,29,21
"AL4 9UG",7,5,2,2
"AL4 9UH",33,18,15,12
"AL4 9UJ",29,16,13,12
"AL4 9UL",11,6,5,3
"AL4 9UN",59,31,28,18
"AL4 9UP",30,14,16,9
"AL4 9UQ",12,4,8,5
"AL4 9UR",41,21,20,16
"AL4 9UT",39,20,19,16
"AL4 9UU",38,18,20,15
"AL4 9UW",23,9,14,9
"AL4 9UY",43,17,26,33
"AL4 9UZ",43,21,22,30
"AL4 9XA",60,28,32,21
"AL4 9XB",27,15,12,8
"AL4 9XD",21,11,10,6
"AL4 9XE",40,20,20,13
"AL4 9XF",18,8,10,7
"AL4 9XG",70,35,35,21
"AL4 9XH",32,16,16,15
"AL4 9XJ",77,42,35,25
"AL4 9XL",38,20,18,12
"AL4 9XQ",55,25,30,20
"AL4 9XU",103,55,48,33
"AL4 9XW",58,33,25,56
"AL4 9XY",82,45,37,24
"AL4 9XZ",30,17,13,20
"AL4 9YB",97,52,45,45
"AL4 9YD",85,39,46,28
"AL4 9YE",31,16,15,11
"AL4 9YF",32,16,16,9
"AL4 9YG",52,28,24,21
"AL4 9YH",65,34,31,27
"AL4 9YJ",83,37,46,26
"AL4 9YL",38,21,17,12
"AL4 9YQ",52,27,25,18
"AL5 1AA",8,4,4,3
"AL5 1AB",18,10,8,7
"AL5 1AD",16,10,6,3
"AL5 1AF",11,6,5,5
"AL5 1AG",2,1,1,1
"AL5 1AJ",8,3,5,2
"AL5 1AL",25,14,11,7
"AL5 1AN",24,11,13,8
"AL5 1AP",37,20,17,11
"AL5 1AQ",7,3,4,2
"AL5 1AS",3,3,0,3
"AL5 1AU",52,26,26,16
"AL5 1AW",12,3,9,5
"AL5 1AX",22,9,13,13
"AL5 1AY",8,4,4,3
"AL5 1BA",54,29,25,24
"AL5 1BB",9,5,4,9
"AL5 1BD",69,34,35,34
"AL5 1BE",20,9,11,5
"AL5 1BG",15,9,6,5
"AL5 1BH",7,4,3,2
"AL5 1BJ",56,30,26,23
"AL5 1BL",3,3,0,2
"AL5 1BN",71,35,36,28
"AL5 1BP",86,43,43,35
"AL5 1BQ",71,41,30,34
"AL5 1BS",14,6,8,8
"AL5 1BT",3,1,2,2
"AL5 1BU",1,1,0,1
"AL5 1BW",71,35,36,29
"AL5 1BX",13,7,6,5
"AL5 1BY",54,26,28,22
"AL5 1BZ",4,2,2,3
"AL5 1DA",24,11,13,9
"AL5 1DB",8,3,5,3
"AL5 1DD",10,5,5,5
"AL5 1DE",5,4,1,2
"AL5 1DF",15,6,9,7
"AL5 1DG",14,7,7,4
"AL5 1DH",2,1,1,1
"AL5 1DJ",26,19,7,11
"AL5 1DL",20,13,7,15
"AL5 1DN",37,17,20,17
"AL5 1DP",18,8,10,11
"AL5 1DQ",12,5,7,6
"AL5 1DR",20,7,13,16
"AL5 1DW",5,2,3,1
"AL5 1DY",7,3,4,2
"AL5 1EA",12,6,6,3
"AL5 1EF",73,35,38,30
"AL5 1EG",42,22,20,13
"AL5 1EH",33,17,16,16
"AL5 1EJ",31,10,21,11
"AL5 1EL",19,11,8,6
"AL5 1EN",36,18,18,15
"AL5 1EP",62,32,30,29
"AL5 1EQ",113,54,59,37
"AL5 1ER",8,2,6,5
"AL5 1ES",17,10,7,6
"AL5 1ET",6,4,2,3
"AL5 1EU",43,21,22,20
"AL5 1EW",24,13,11,11
"AL5 1EX",45,22,23,16
"AL5 1EY",23,11,12,13
"AL5 1EZ",26,16,10,9
"AL5 1HA",51,26,25,19
"AL5 1HB",112,54,58,37
"AL5 1HD",11,9,2,5
"AL5 1HE",41,20,21,16
"AL5 1HF",88,40,48,34
"AL5 1HG",35,18,17,15
"AL5 1HH",5,3,2,1
"AL5 1HJ",67,36,31,33
"AL5 1HL",4,1,3,3
"AL5 1HN",46,24,22,22
"AL5 1HQ",24,12,12,16
"AL5 1JA",18,7,11,6
"AL5 1JB",34,13,21,12
"AL5 1JD",29,12,17,13
"AL5 1JE",43,21,22,16
"AL5 1JF",77,41,36,24
"AL5 1JG",46,26,20,17
"AL5 1JH",43,22,21,15
"AL5 1JJ",19,9,10,9
"AL5 1JL",82,44,38,32
"AL5 1JN",57,27,30,25
"AL5 1JP",51,28,23,19
"AL5 1JQ",65,37,28,20
"AL5 1JR",19,9,10,7
"AL5 1JS",19,10,9,7
"AL5 1JU",49,24,25,19
"AL5 1JW",78,36,42,27
"AL5 1JX",8,5,3,3
"AL5 1JY",7,3,4,4
"AL5 1LG",31,17,14,11
"AL5 1LH",25,12,13,11
"AL5 1LJ",45,20,25,21
"AL5 1LL",70,39,31,22
"AL5 1LN",17,8,9,6
"AL5 1LP",60,27,33,22
"AL5 1LQ",42,18,24,20
"AL5 1LR",17,8,9,9
"AL5 1LS",46,23,23,16
"AL5 1LT",15,7,8,7
"AL5 1LU",43,16,27,30
"AL5 1LW",28,16,12,10
"AL5 1LX",73,37,36,25
"AL5 1LZ",8,4,4,4
"AL5 1NA",95,49,46,36
"AL5 1NB",47,24,23,17
"AL5 1ND",65,32,33,24
"AL5 1NE",20,9,11,6
"AL5 1NF",16,8,8,4
"AL5 1NG",76,41,35,27
"AL5 1NL",4,2,2,1
"AL5 1NQ",72,37,35,27
"AL5 1NY",28,15,13,16
"AL5 1PA",5,3,2,2
"AL5 1PD",23,14,9,8
"AL5 1PE",11,8,3,0
"AL5 1PF",13,6,7,6
"AL5 1PG",44,20,24,12
"AL5 1PQ",33,17,16,11
"AL5 1PR",4,2,2,1
"AL5 1PU",5,3,2,4
"AL5 1PW",3,1,2,1
"AL5 1PX",7,4,3,4
"AL5 1QA",33,15,18,12
"AL5 1QE",123,59,64,39
"AL5 1QF",82,37,45,26
"AL5 1QG",40,24,16,18
"AL5 1QH",10,6,4,3
"AL5 1QJ",16,6,10,8
"AL5 1QL",32,11,21,30
"AL5 1QN",63,27,36,26
"AL5 1QP",73,35,38,40
"AL5 1QQ",37,17,20,15
"AL5 1QR",17,5,12,15
"AL5 1QU",35,18,17,15
"AL5 1QW",19,7,12,12
"AL5 1QX",124,71,53,40
"AL5 1QY",25,10,15,15
"AL5 1RB",9,5,4,3
"AL5 1RD",23,11,12,10
"AL5 1RE",70,30,40,25
"AL5 1RF",28,10,18,10
"AL5 1RG",38,19,19,16
"AL5 1RH",45,23,22,18
"AL5 1RJ",74,39,35,26
"AL5 1RL",37,19,18,14
"AL5 1RN",34,15,19,13
"AL5 1RP",58,27,31,25
"AL5 1RQ",17,8,9,6
"AL5 1RR",35,14,21,14
"AL5 1RS",51,25,26,21
"AL5 1RT",32,19,13,10
"AL5 1RU",17,8,9,7
"AL5 1RW",103,51,52,34
"AL5 1RZ",69,36,33,20
"AL5 1SD",58,25,33,21
"AL5 1SE",84,46,38,29
"AL5 1SF",10,5,5,5
"AL5 1SG",43,22,21,16
"AL5 1SH",16,9,7,8
"AL5 1SJ",24,11,13,11
"AL5 1SL",8,4,4,4
"AL5 1SN",39,21,18,13
"AL5 1SP",65,33,32,21
"AL5 1SQ",24,15,9,8
"AL5 1SR",117,57,60,42
"AL5 1SS",68,35,33,25
"AL5 1ST",47,22,25,18
"AL5 1SU",26,12,14,10
"AL5 1SW",52,28,24,19
"AL5 1SX",23,7,16,13
"AL5 1SY",27,14,13,10
"AL5 1SZ",31,17,14,12
"AL5 1TA",11,6,5,5
"AL5 1TB",30,11,19,11
"AL5 1TD",39,18,21,15
"AL5 1TH",23,9,14,16
"AL5 2AA",17,8,9,6
"AL5 2AB",14,6,8,4
"AL5 2AD",14,7,7,4
"AL5 2AE",22,12,10,8
"AL5 2AF",24,12,12,8
"AL5 2AG",27,14,13,10
"AL5 2AH",15,6,9,5
"AL5 2AJ",25,13,12,10
"AL5 2AL",38,18,20,12
"AL5 2AN",30,14,16,13
"AL5 2AP",9,5,4,4
"AL5 2AQ",6,2,4,3
"AL5 2AR",5,3,2,2
"AL5 2AS",25,10,15,9
"AL5 2AT",17,9,8,6
"AL5 2AU",7,4,3,3
"AL5 2AW",13,8,5,5
"AL5 2AX",1,1,0,1
"AL5 2AY",16,10,6,6
"AL5 2AZ",14,7,7,4
"AL5 2BB",4,2,2,2
"AL5 2BE",13,6,7,6
"AL5 2BG",5,4,1,0
"AL5 2BH",1,1,0,1
"AL5 2BJ",10,5,5,5
"AL5 2BL",50,23,27,21
"AL5 2BN",38,20,18,15
"AL5 2BQ",4,2,2,2
"AL5 2BT",13,6,7,8
"AL5 2BU",4,1,3,4
"AL5 2BW",8,3,5,2
"AL5 2BX",26,13,13,14
"AL5 2BY",14,5,9,3
"AL5 2BZ",19,10,9,11
"AL5 2DA",7,3,4,3
"AL5 2DB",21,13,8,6
"AL5 2DD",21,11,10,5
"AL5 2DE",8,4,4,4
"AL5 2DF",48,23,25,15
"AL5 2DG",9,3,6,4
"AL5 2DH",4,2,2,2
"AL5 2DJ",24,11,13,7
"AL5 2DN",23,10,13,9
"AL5 2DP",22,11,11,7
"AL5 2DQ",19,8,11,5
"AL5 2DR",2,1,1,1
"AL5 2DS",15,9,6,4
"AL5 2DT",33,14,19,21
"AL5 2DU",18,8,10,6
"AL5 2DW",22,10,12,7
"AL5 2DX",21,11,10,6
"AL5 2DY",2,1,1,1
"AL5 2DZ",32,14,18,15
"AL5 2EA",28,12,16,12
"AL5 2EB",7,4,3,4
"AL5 2ED",31,19,12,13
"AL5 2EE",37,13,24,14
"AL5 2EG",9,6,3,4
"AL5 2EH",2,1,1,1
"AL5 2EL",7,4,3,4
"AL5 2EN",58,23,35,14
"AL5 2EP",12,6,6,4
"AL5 2ER",7,2,5,5
"AL5 2ES",6,2,4,3
"AL5 2ET",30,15,15,13
"AL5 2EU",49,23,26,15
"AL5 2EW",56,23,33,17
"AL5 2EX",32,13,19,11
"AL5 2EY",40,18,22,16
"AL5 2EZ",20,11,9,6
"AL5 2GT",45,25,20,18
"AL5 2GX",49,25,24,18
"AL5 2HA",29,15,14,8
"AL5 2HB",13,6,7,4
"AL5 2HD",23,11,12,9
"AL5 2HE",56,24,32,23
"AL5 2HF",12,4,8,4
"AL5 2HG",31,18,13,11
"AL5 2HH",47,24,23,20
"AL5 2HJ",66,34,32,21
"AL5 2HL",37,19,18,14
"AL5 2HN",5,3,2,3
"AL5 2HQ",44,19,25,16
"AL5 2HS",1,0,1,1
"AL5 2HU",6,4,2,3
"AL5 2HW",27,14,13,14
"AL5 2JB",42,17,25,20
"AL5 2JF",13,7,6,5
"AL5 2JG",7,4,3,2
"AL5 2JH",30,14,16,11
"AL5 2JJ",2,2,0,1
"AL5 2JL",10,5,5,5
"AL5 2JN",50,23,27,28
"AL5 2JP",31,15,16,13
"AL5 2JR",4,2,2,4
"AL5 2JS",18,9,9,9
"AL5 2JT",6,3,3,2
"AL5 2JU",45,24,21,15
"AL5 2JW",51,21,30,25
"AL5 2JY",24,12,12,8
"AL5 2JZ",9,4,5,6
"AL5 2LA",7,3,4,2
"AL5 2LB",26,13,13,13
"AL5 2LD",55,25,30,19
"AL5 2LE",10,5,5,4
"AL5 2LF",27,16,11,10
"AL5 2LG",28,16,12,10
"AL5 2LH",55,26,29,17
"AL5 2LJ",9,3,6,2
"AL5 2LL",8,4,4,3
"AL5 2LN",11,3,8,3
"AL5 2LQ",19,10,9,6
"AL5 2LR",9,4,5,4
"AL5 2LU",16,7,9,7
"AL5 2LZ",1,0,1,1
"AL5 2NA",13,6,7,6
"AL5 2NB",16,8,8,7
"AL5 2ND",43,23,20,14
"AL5 2NE",16,6,10,7
"AL5 2NF",8,5,3,3
"AL5 2NG",19,10,9,9
"AL5 2NH",40,17,23,16
"AL5 2NJ",9,5,4,2
"AL5 2NL",10,5,5,4
"AL5 2NN",26,9,17,9
"AL5 2NP",16,7,9,5
"AL5 2NQ",24,12,12,7
"AL5 2NR",45,22,23,17
"AL5 2NS",49,22,27,15
"AL5 2NT",33,19,14,11
"AL5 2NU",15,8,7,6
"AL5 2NW",17,8,9,5
"AL5 2NX",10,5,5,3
"AL5 2NY",26,11,15,9
"AL5 2NZ",27,15,12,9
"AL5 2PA",21,14,7,6
"AL5 2PB",39,21,18,13
"AL5 2PD",18,8,10,8
"AL5 2PE",46,22,24,21
"AL5 2PF",66,31,35,25
"AL5 2PG",40,21,19,12
"AL5 2PH",16,7,9,5
"AL5 2PJ",6,4,2,2
"AL5 2PL",73,37,36,28
"AL5 2PP",10,5,5,4
"AL5 2PQ",21,10,11,6
"AL5 2PR",8,4,4,2
"AL5 2PS",11,6,5,5
"AL5 2PT",66,29,37,22
"AL5 2PW",17,9,8,8
"AL5 2PX",1,1,0,0
"AL5 2PY",24,12,12,11
"AL5 2PZ",65,26,39,31
"AL5 2QA",17,6,11,9
"AL5 2QB",35,18,17,17
"AL5 2QD",4,2,2,2
"AL5 2QE",15,7,8,8
"AL5 2QF",40,21,19,11
"AL5 2QG",24,10,14,10
"AL5 2QH",7,4,3,3
"AL5 2QJ",6,3,3,2
"AL5 2QL",22,7,15,7
"AL5 2QN",17,9,8,8
"AL5 2QP",37,19,18,14
"AL5 2QQ",13,6,7,6
"AL5 2QR",7,4,3,3
"AL5 2QS",37,18,19,13
"AL5 2QT",51,20,31,11
"AL5 2QU",25,13,12,7
"AL5 2QW",16,5,11,12
"AL5 2QX",8,5,3,4
"AL5 2QY",6,4,2,2
"AL5 2QZ",44,21,23,13
"AL5 2RA",15,10,5,3
"AL5 2RB",10,4,6,4
"AL5 2RD",10,4,6,5
"AL5 2RE",32,17,15,10
"AL5 2RF",8,4,4,4
"AL5 2RG",32,13,19,10
"AL5 2RH",7,4,3,3
"AL5 2RJ",3,1,2,2
"AL5 2RN",4,2,2,2
"AL5 2RQ",25,10,15,11
"AL5 2RT",3,3,0,2
"AL5 2RU",12,9,3,10
"AL5 2RW",77,34,43,29
"AL5 2SD",2,1,1,1
"AL5 2SG",9,3,6,4
"AL5 2SH",6,4,2,4
"AL5 2SJ",12,10,2,6
"AL5 2SN",19,12,7,9
"AL5 2SP",16,5,11,9
"AL5 2SX",29,16,13,18
"AL5 2TB",11,5,6,5
"AL5 2TE",1,1,0,1
"AL5 2TG",8,3,5,4
"AL5 2TL",2,1,1,1
"AL5 2TN",1,1,0,1
"AL5 2TP",5,3,2,2
"AL5 2TR",4,3,1,1
"AL5 2TW",11,3,8,8
"AL5 2UB",13,6,7,4
"AL5 2UD",33,16,17,18
"AL5 2UE",4,1,3,2
"AL5 2UF",38,20,18,11
"AL5 2UG",12,4,8,8
"AL5 2UH",17,8,9,10
"AL5 2UJ",9,3,6,3
"AL5 2UL",5,2,3,4
"AL5 2UN",18,7,11,10
"AL5 2UP",1,0,1,1
"AL5 2UQ",13,5,8,7
"AL5 2UR",33,19,14,10
"AL5 2UT",7,5,2,2
"AL5 2UW",13,5,8,10
"AL5 3AB",67,37,30,20
"AL5 3AF",63,32,31,19
"AL5 3AG",65,34,31,16
"AL5 3AH",41,16,25,15
"AL5 3AJ",36,21,15,14
"AL5 3AL",77,34,43,32
"AL5 3AN",56,27,29,17
"AL5 3AP",69,37,32,24
"AL5 3AQ",23,11,12,6
"AL5 3AR",93,43,50,33
"AL5 3AS",93,45,48,30
"AL5 3AT",118,59,59,41
"AL5 3AU",35,16,19,11
"AL5 3AW",41,21,20,14
"AL5 3AY",31,17,14,10
"AL5 3AZ",10,5,5,3
"AL5 3BA",31,16,15,11
"AL5 3BB",43,23,20,19
"AL5 3BD",35,14,21,8
"AL5 3BE",43,21,22,13
"AL5 3BG",76,34,42,37
"AL5 3BH",58,28,30,25
"AL5 3BJ",18,9,9,11
"AL5 3BN",32,11,21,15
"AL5 3BP",47,25,22,17
"AL5 3BQ",14,8,6,4
"AL5 3BS",19,11,8,6
"AL5 3BT",8,4,4,3
"AL5 3BU",4,1,3,2
"AL5 3BW",30,14,16,12
"AL5 3BX",6,4,2,2
"AL5 3BY",25,10,15,7
"AL5 3BZ",56,24,32,21
"AL5 3DD",23,4,19,0
"AL5 3DE",77,42,35,24
"AL5 3DP",7,4,3,1
"AL5 3EB",5,2,3,3
"AL5 3ED",36,17,19,12
"AL5 3EE",33,12,21,11
"AL5 3EG",12,5,7,6
"AL5 3EH",41,19,22,11
"AL5 3EJ",64,31,33,19
"AL5 3EL",37,21,16,12
"AL5 3EN",15,5,10,7
"AL5 3EP",29,14,15,10
"AL5 3EQ",8,3,5,2
"AL5 3ER",2,1,1,1
"AL5 3ES",58,28,30,22
"AL5 3ET",48,23,25,16
"AL5 3EU",48,26,22,21
"AL5 3EW",63,31,32,22
"AL5 3EX",19,11,8,8
"AL5 3EY",57,27,30,21
"AL5 3EZ",48,21,27,20
"AL5 3HA",35,16,19,14
"AL5 3HB",23,12,11,7
"AL5 3HD",5,4,1,2
"AL5 3HE",46,24,22,16
"AL5 3HF",75,36,39,30
"AL5 3HG",84,41,43,25
"AL5 3HH",7,3,4,3
"AL5 3HJ",52,25,27,15
"AL5 3HN",127,63,64,44
"AL5 3HP",59,24,35,21
"AL5 3HQ",42,22,20,15
"AL5 3HR",26,11,15,11
"AL5 3HS",12,7,5,4
"AL5 3HT",9,6,3,6
"AL5 3HW",42,21,21,13
"AL5 3LA",14,6,8,4
"AL5 3LE",21,10,11,8
"AL5 3LF",5,3,2,1
"AL5 3LG",61,34,27,20
"AL5 3LH",20,10,10,7
"AL5 3LJ",20,11,9,8
"AL5 3LL",21,10,11,8
"AL5 3LN",34,16,18,13
"AL5 3LP",18,11,7,8
"AL5 3LQ",76,29,47,28
"AL5 3LR",2,1,1,1
"AL5 3LS",67,37,30,22
"AL5 3LT",65,35,30,26
"AL5 3LU",39,22,17,14
"AL5 3LW",82,41,41,26
"AL5 3LX",138,66,72,48
"AL5 3LY",10,6,4,3
"AL5 3LZ",40,19,21,12
"AL5 3NA",68,31,37,23
"AL5 3NB",109,50,59,41
"AL5 3ND",4,2,2,1
"AL5 3NE",13,6,7,4
"AL5 3NF",4,2,2,3
"AL5 3NH",36,15,21,15
"AL5 3NJ",17,6,11,6
"AL5 3NL",8,4,4,3
"AL5 3NN",77,35,42,23
"AL5 3NP",2,1,1,1
"AL5 3NR",24,12,12,9
"AL5 3NS",6,3,3,2
"AL5 3NT",11,6,5,4
"AL5 3NU",37,21,16,13
"AL5 3NX",61,35,26,20
"AL5 3NY",52,27,25,15
"AL5 3NZ",82,37,45,29
"AL5 3PA",38,19,19,13
"AL5 3PB",76,41,35,25
"AL5 3PD",10,5,5,4
"AL5 3PE",20,13,7,9
"AL5 3PF",31,11,20,8
"AL5 3PG",6,4,2,4
"AL5 3PH",9,3,6,3
"AL5 3PJ",10,7,3,2
"AL5 3PL",13,5,8,5
"AL5 3PN",2,1,1,1
"AL5 3PP",67,32,35,24
"AL5 3PQ",1,1,0,1
"AL5 3PR",48,23,25,15
"AL5 3PS",5,1,4,1
"AL5 3PT",8,5,3,4
"AL5 3PU",2,1,1,1
"AL5 3PW",14,6,8,5
"AL5 3PY",3,1,2,1
"AL5 3PZ",14,7,7,5
"AL5 3QB",8,5,3,2
"AL5 3QE",48,20,28,19
"AL5 3QF",9,5,4,4
"AL5 3RA",63,16,47,56
"AL5 4AB",33,19,14,11
"AL5 4AD",15,8,7,6
"AL5 4AE",9,4,5,3
"AL5 4AF",73,40,33,20
"AL5 4AG",12,6,6,5
"AL5 4AH",32,13,19,12
"AL5 4AJ",87,35,52,21
"AL5 4AL",33,14,19,8
"AL5 4AN",29,15,14,12
"AL5 4AP",2,0,2,2
"AL5 4AQ",22,9,13,10
"AL5 4AR",2,1,1,1
"AL5 4AS",24,10,14,9
"AL5 4AT",46,24,22,13
"AL5 4AU",32,16,16,11
"AL5 4AW",14,8,6,10
"AL5 4AX",34,17,17,15
"AL5 4AY",13,7,6,5
"AL5 4BA",4,2,2,1
"AL5 4BB",86,44,42,29
"AL5 4BD",31,14,17,10
"AL5 4BE",42,17,25,13
"AL5 4BG",12,4,8,4
"AL5 4BH",18,13,5,10
"AL5 4BJ",11,5,6,7
"AL5 4BQ",92,40,52,22
"AL5 4BS",73,36,37,22
"AL5 4BT",35,17,18,13
"AL5 4BU",35,18,17,13
"AL5 4BW",11,7,4,8
"AL5 4BX",167,73,94,0
"AL5 4BZ",8,3,5,4
"AL5 4DB",72,34,38,23
"AL5 4DD",84,40,44,27
"AL5 4DE",13,8,5,5
"AL5 4DF",19,6,13,9
"AL5 4DG",8,3,5,4
"AL5 4DH",31,12,19,18
"AL5 4DJ",25,12,13,18
"AL5 4DN",8,4,4,5
"AL5 4DQ",47,19,28,20
"AL5 4DZ",27,13,14,22
"AL5 4EA",15,8,7,8
"AL5 4ED",13,8,5,5
"AL5 4EG",41,10,31,35
"AL5 4EL",2,1,1,1
"AL5 4EP",49,22,27,15
"AL5 4EQ",4,2,2,3
"AL5 4ES",3,2,1,2
"AL5 4ET",20,7,13,9
"AL5 4EU",15,9,6,5
"AL5 4EW",55,28,27,18
"AL5 4EX",9,6,3,2
"AL5 4EY",12,3,9,7
"AL5 4EZ",28,13,15,13
"AL5 4FE",78,45,33,46
"AL5 4FF",22,12,10,7
"AL5 4GA",9,5,4,4
"AL5 4GB",6,5,1,4
"AL5 4GJ",4,2,2,1
"AL5 4HA",11,6,5,4
"AL5 4HB",12,6,6,3
"AL5 4HD",53,31,22,19
"AL5 4HE",24,12,12,7
"AL5 4HF",55,30,25,18
"AL5 4HG",24,12,12,8
"AL5 4HH",18,11,7,8
"AL5 4HJ",9,3,6,6
"AL5 4HL",16,4,12,6
"AL5 4HN",37,19,18,12
"AL5 4HP",27,11,16,12
"AL5 4HQ",36,18,18,14
"AL5 4HR",17,7,10,8
"AL5 4HS",51,22,29,19
"AL5 4HT",7,3,4,4
"AL5 4HW",8,5,3,4
"AL5 4HY",21,7,14,17
"AL5 4JA",12,4,8,8
"AL5 4JB",33,15,18,10
"AL5 4JD",25,13,12,12
"AL5 4JE",17,6,11,13
"AL5 4JF",19,7,12,11
"AL5 4JN",57,27,30,20
"AL5 4JP",14,5,9,10
"AL5 4JR",31,13,18,10
"AL5 4JS",66,32,34,25
"AL5 4JT",4,1,3,1
"AL5 4JU",45,25,20,13
"AL5 4JW",15,9,6,9
"AL5 4JX",19,8,11,6
"AL5 4JY",26,14,12,8
"AL5 4JZ",56,32,24,19
"AL5 4LA",34,18,16,15
"AL5 4LB",18,9,9,9
"AL5 4LD",18,8,10,10
"AL5 4LE",4,2,2,2
"AL5 4LF",40,20,20,14
"AL5 4LG",29,14,15,12
"AL5 4LH",41,22,19,16
"AL5 4LJ",12,7,5,4
"AL5 4LL",58,25,33,24
"AL5 4LN",14,11,3,4
"AL5 4LP",42,24,18,15
"AL5 4LQ",11,3,8,6
"AL5 4LR",35,17,18,12
"AL5 4LS",34,18,16,13
"AL5 4LT",28,16,12,8
"AL5 4LU",19,8,11,10
"AL5 4LW",5,2,3,3
"AL5 4LX",47,25,22,18
"AL5 4LY",36,19,17,19
"AL5 4LZ",34,12,22,26
"AL5 4NA",13,3,10,8
"AL5 4NB",23,9,14,13
"AL5 4ND",17,8,9,8
"AL5 4NF",52,28,24,24
"AL5 4NG",47,23,24,23
"AL5 4NH",27,11,16,20
"AL5 4NL",10,6,4,8
"AL5 4NQ",56,23,33,18
"AL5 4NS",22,11,11,7
"AL5 4NT",6,4,2,3
"AL5 4NU",1,0,1,1
"AL5 4NX",43,18,25,13
"AL5 4NY",33,16,17,10
"AL5 4NZ",92,44,48,24
"AL5 4PA",56,23,33,17
"AL5 4PB",87,44,43,30
"AL5 4PD",48,18,30,17
"AL5 4PE",12,8,4,6
"AL5 4PF",42,24,18,17
"AL5 4PG",72,31,41,26
"AL5 4PH",68,37,31,23
"AL5 4PJ",45,23,22,15
"AL5 4PL",41,20,21,12
"AL5 4PN",15,9,6,6
"AL5 4PP",73,36,37,34
"AL5 4PQ",84,42,42,26
"AL5 4PR",55,22,33,22
"AL5 4PT",62,28,34,32
"AL5 4PW",28,11,17,10
"AL5 4QB",91,53,38,29
"AL5 4QD",38,19,19,14
"AL5 4QE",37,16,21,14
"AL5 4QF",32,18,14,11
"AL5 4QG",1,0,1,1
"AL5 4QH",6,2,4,3
"AL5 4QJ",30,16,14,8
"AL5 4QL",21,11,10,6
"AL5 4QN",17,7,10,5
"AL5 4QQ",19,11,8,7
"AL5 4QR",7,3,4,2
"AL5 4QS",42,23,19,14
"AL5 4QT",27,11,16,8
"AL5 4QU",73,33,40,27
"AL5 4QX",22,13,9,6
"AL5 4QY",80,41,39,31
"AL5 4QZ",9,4,5,4
"AL5 4RA",58,34,24,19
"AL5 4RB",11,7,4,5
"AL5 4RD",131,69,62,44
"AL5 4RE",11,6,5,3
"AL5 4RF",58,26,32,22
"AL5 4RG",38,17,21,13
"AL5 4RH",74,37,37,30
"AL5 4RL",39,24,15,15
"AL5 4RN",35,21,14,23
"AL5 4RP",34,17,17,20
"AL5 4RQ",11,7,4,5
"AL5 4RR",13,8,5,6
"AL5 4RU",21,7,14,7
"AL5 4RW",39,19,20,34
"AL5 4SA",14,9,5,6
"AL5 4SE",41,24,17,18
"AL5 4SJ",42,20,22,19
"AL5 4ST",4,3,1,2
"AL5 4SU",24,15,9,8
"AL5 4SX",19,8,11,8
"AL5 4SY",51,26,25,33
"AL5 4TA",15,8,7,0
"AL5 4TB",27,12,15,16
"AL5 4TD",139,66,73,7
"AL5 4TE",40,20,20,27
"AL5 4TF",11,8,3,7
"AL5 4TG",2,1,1,1
"AL5 4TH",32,18,14,11
"AL5 4TJ",33,16,17,11
"AL5 4TL",9,4,5,3
"AL5 4TN",8,4,4,4
"AL5 4TP",67,35,32,21
"AL5 4TQ",46,22,24,17
"AL5 4TR",35,18,17,11
"AL5 4TS",25,15,10,8
"AL5 4TT",7,4,3,2
"AL5 4TU",14,5,9,5
"AL5 4TW",62,27,35,19
"AL5 4TX",21,14,7,9
"AL5 4TY",17,10,7,4
"AL5 4TZ",20,10,10,6
"AL5 4UB",11,7,4,8
"AL5 4UE",9,4,5,5
"AL5 4UH",21,11,10,14
"AL5 4UJ",4,2,2,3
"AL5 4UL",38,21,17,15
"AL5 4UN",5,3,2,1
"AL5 4UW",26,16,10,17
"AL5 4UX",19,12,7,8
"AL5 4XA",9,6,3,4
"AL5 4XB",9,4,5,3
"AL5 4XD",21,10,11,5
"AL5 4XE",30,18,12,8
"AL5 4XF",11,8,3,4
"AL5 4XG",37,17,20,18
"AL5 4XH",14,7,7,9
"AL5 4XS",39,25,14,27
"AL5 4XT",71,38,33,44
"AL5 5AA",69,30,39,28
"AL5 5AB",9,3,6,5
"AL5 5AD",18,10,8,8
"AL5 5AE",33,18,15,18
"AL5 5AF",18,11,7,7
"AL5 5AH",81,37,44,29
"AL5 5AL",20,8,12,9
"AL5 5AN",20,14,6,7
"AL5 5AP",12,5,7,4
"AL5 5AQ",20,11,9,9
"AL5 5AR",84,34,50,31
"AL5 5AS",22,9,13,11
"AL5 5AT",100,50,50,35
"AL5 5AU",7,3,4,3
"AL5 5AW",37,17,20,16
"AL5 5AX",30,14,16,13
"AL5 5AY",61,26,35,26
"AL5 5AZ",8,5,3,5
"AL5 5BA",13,5,8,7
"AL5 5BB",27,14,13,8
"AL5 5BD",39,17,22,13
"AL5 5BE",33,18,15,13
"AL5 5BG",35,15,20,15
"AL5 5BH",27,12,15,12
"AL5 5BJ",45,24,21,16
"AL5 5BL",46,23,23,17
"AL5 5BN",33,15,18,12
"AL5 5BP",46,25,21,18
"AL5 5BQ",45,21,24,17
"AL5 5BS",85,40,45,36
"AL5 5BT",37,20,17,13
"AL5 5BU",16,8,8,5
"AL5 5BW",37,18,19,20
"AL5 5BX",12,6,6,10
"AL5 5DN",12,6,6,5
"AL5 5DP",38,18,20,13
"AL5 5DR",18,11,7,5
"AL5 5DS",24,10,14,9
"AL5 5DU",6,3,3,2
"AL5 5DW",2,1,1,1
"AL5 5DX",6,3,3,2
"AL5 5DY",24,11,13,11
"AL5 5DZ",4,3,1,2
"AL5 5EA",4,2,2,2
"AL5 5EB",23,8,15,5
"AL5 5ED",5,3,2,2
"AL5 5EE",25,10,15,10
"AL5 5EF",34,15,19,19
"AL5 5EG",15,8,7,4
"AL5 5EJ",18,9,9,12
"AL5 5EW",49,24,25,32
"AL5 5EZ",6,3,3,4
"AL5 5HA",29,14,15,12
"AL5 5HB",42,27,15,18
"AL5 5HD",49,25,24,17
"AL5 5HE",28,11,17,7
"AL5 5HF",10,4,6,3
"AL5 5HH",57,27,30,20
"AL5 5HJ",12,5,7,4
"AL5 5HN",38,16,22,14
"AL5 5HP",34,17,17,10
"AL5 5HQ",58,38,20,34
"AL5 5HR",59,32,27,20
"AL5 5HS",132,66,66,49
"AL5 5HT",30,9,21,10
"AL5 5HU",17,7,10,8
"AL5 5HW",43,19,24,19
"AL5 5HX",20,7,13,6
"AL5 5HY",15,8,7,6
"AL5 5HZ",23,9,14,6
"AL5 5JA",76,41,35,37
"AL5 5JB",34,19,15,12
"AL5 5JD",19,10,9,9
"AL5 5JE",58,23,35,24
"AL5 5JF",53,23,30,17
"AL5 5JG",42,18,24,19
"AL5 5JH",10,5,5,6
"AL5 5JJ",23,12,11,14
"AL5 5JP",11,4,7,4
"AL5 5JQ",18,9,9,8
"AL5 5LA",45,20,25,24
"AL5 5LB",4,1,3,1
"AL5 5LD",40,19,21,29
"AL5 5LE",16,5,11,11
"AL5 5LF",7,3,4,2
"AL5 5LG",10,6,4,6
"AL5 5LH",19,9,10,15
"AL5 5LL",32,14,18,17
"AL5 5LN",16,7,9,7
"AL5 5LP",13,7,6,10
"AL5 5LQ",66,32,34,35
"AL5 5LR",19,8,11,9
"AL5 5LS",23,9,14,4
"AL5 5LT",17,8,9,4
"AL5 5LU",35,15,20,20
"AL5 5LW",34,17,17,20
"AL5 5LX",6,3,3,2
"AL5 5LY",28,17,11,16
"AL5 5LZ",16,9,7,4
"AL5 5NA",25,9,16,10
"AL5 5NB",67,35,32,24
"AL5 5ND",31,16,15,10
"AL5 5NE",6,3,3,2
"AL5 5NF",62,31,31,19
"AL5 5NG",109,54,55,37
"AL5 5NH",37,17,20,12
"AL5 5NJ",41,18,23,15
"AL5 5NL",30,14,16,13
"AL5 5NN",49,24,25,15
"AL5 5NP",61,29,32,25
"AL5 5NQ",23,13,10,9
"AL5 5NR",38,19,19,13
"AL5 5NS",53,26,27,19
"AL5 5NT",43,21,22,16
"AL5 5NU",4,2,2,2
"AL5 5NW",33,15,18,12
"AL5 5NX",23,9,14,8
"AL5 5NY",10,6,4,5
"AL5 5NZ",11,7,4,6
"AL5 5PA",34,16,18,24
"AL5 5PD",20,10,10,13
"AL5 5PJ",152,79,73,43
"AL5 5PL",80,38,42,37
"AL5 5PN",125,59,66,38
"AL5 5PP",111,54,57,34
"AL5 5PR",11,5,6,4
"AL5 5PS",40,20,20,15
"AL5 5PT",42,21,21,12
"AL5 5PW",94,45,49,31
"AL5 5PX",77,44,33,26
"AL5 5QH",11,4,7,4
"AL5 5QJ",2,1,1,1
"AL5 5QL",11,5,6,5
"AL5 5QN",25,12,13,8
"AL5 5QP",73,35,38,26
"AL5 5QR",66,29,37,21
"AL5 5QS",58,28,30,19
"AL5 5QT",66,33,33,21
"AL5 5QU",98,47,51,34
"AL5 5QW",20,10,10,6
"AL5 5QX",20,7,13,7
"AL5 5QY",11,4,7,3
"AL5 5QZ",23,10,13,9
"AL5 5RA",29,11,18,14
"AL5 5RB",99,51,48,32
"AL5 5RD",24,13,11,8
"AL5 5RE",87,49,38,29
"AL5 5RF",14,5,9,5
"AL5 5RG",94,52,42,36
"AL5 5RH",40,22,18,12
"AL5 5RJ",61,28,33,19
"AL5 5RL",26,16,10,8
"AL5 5RN",7,3,4,4
"AL5 5RP",18,9,9,6
"AL5 5RQ",29,13,16,10
"AL5 5RR",31,14,17,11
"AL5 5RS",32,15,17,8
"AL5 5RT",41,23,18,16
"AL5 5RU",32,16,16,13
"AL5 5RW",14,7,7,5
"AL5 5RX",16,9,7,7
"AL5 5RY",16,10,6,6
"AL5 5RZ",46,19,27,14
"AL5 5SA",44,21,23,14
"AL5 5SD",109,32,77,15
"AL5 5SE",24,12,12,8
"AL5 5SF",108,56,52,51
"AL5 5SG",80,37,43,38
"AL5 5SH",23,13,10,11
"AL5 5SJ",77,39,38,26
"AL5 5SL",21,11,10,6
"AL5 5SN",75,40,35,30
"AL5 5SQ",27,15,12,9
"AL5 5SR",5,2,3,1
"AL5 5SS",62,31,31,22
"AL5 5ST",163,82,81,59
"AL5 5SU",90,38,52,35
"AL5 5SW",3,1,2,1
"AL5 5SX",51,25,26,20
"AL5 5SY",91,45,46,31
"AL5 5SZ",117,55,62,41
"AL5 5TA",36,12,24,9
"AL5 5TB",25,13,12,7
"AL5 5TE",3,2,1,2
"AL5 5TF",62,34,28,21
"AL5 5TG",80,38,42,22
"AL5 5TH",106,53,53,34
"AL5 5TJ",32,15,17,12
"AL5 5TL",8,4,4,2
"AL5 5TN",30,17,13,12
"AL5 5TP",33,18,15,12
"AL5 5TQ",28,15,13,9
"AL5 5TR",7,5,2,7
"AL5 5TS",111,54,57,38
"AL5 5TT",30,17,13,10
"AL5 5TU",31,13,18,10
"AL5 5TW",9,4,5,6
"AL5 5TX",6,2,4,3
"AL5 5TY",94,45,49,28
"AL5 5TZ",41,21,20,10
"AL5 5UA",76,39,37,27
"AL5 5UB",76,39,37,24
"AL5 5UD",58,29,29,21
"AL5 5UE",30,15,15,11
"AL5 5UG",121,59,62,64
"AL5 5UH",9,3,6,3
"AL5 5UN",10,4,6,5
"AL6 0AA",13,7,6,6
"AL6 0AB",20,9,11,7
"AL6 0AD",9,4,5,4
"AL6 0AE",49,22,27,16
"AL6 0AG",26,11,15,9
"AL6 0AH",40,21,19,16
"AL6 0AJ",61,30,31,25
"AL6 0AL",19,8,11,8
"AL6 0AN",22,11,11,7
"AL6 0AP",20,11,9,9
"AL6 0AQ",53,27,26,16
"AL6 0AR",44,19,25,13
"AL6 0AS",24,13,11,8
"AL6 0AT",41,22,19,15
"AL6 0AU",28,16,12,14
"AL6 0AW",19,9,10,5
"AL6 0AX",9,5,4,7
"AL6 0AZ",4,2,2,2
"AL6 0BA",4,2,2,1
"AL6 0BB",51,29,22,19
"AL6 0BE",12,6,6,7
"AL6 0BH",8,5,3,3
"AL6 0BL",16,7,9,4
"AL6 0BN",24,11,13,3
"AL6 0BQ",8,4,4,4
"AL6 0BU",37,15,22,14
"AL6 0BW",17,8,9,6
"AL6 0BX",24,14,10,8
"AL6 0BY",3,2,1,1
"AL6 0BZ",29,15,14,16
"AL6 0DA",2,1,1,1
"AL6 0DB",40,20,20,15
"AL6 0DD",64,29,35,16
"AL6 0DE",20,7,13,8
"AL6 0DF",14,9,5,6
"AL6 0DG",56,29,27,18
"AL6 0DH",37,21,16,15
"AL6 0DJ",19,9,10,10
"AL6 0DL",90,45,45,38
"AL6 0DN",71,35,36,23
"AL6 0DQ",64,30,34,23
"AL6 0DR",27,11,16,15
"AL6 0DS",32,12,20,13
"AL6 0DT",9,4,5,2
"AL6 0DU",29,13,16,13
"AL6 0DW",28,15,13,12
"AL6 0DX",5,2,3,2
"AL6 0DY",14,6,8,7
"AL6 0DZ",73,37,36,32
"AL6 0EA",12,7,5,4
"AL6 0EB",2,1,1,1
"AL6 0EE",16,5,11,5
"AL6 0EF",10,5,5,3
"AL6 0EG",35,17,18,19
"AL6 0EH",8,3,5,5
"AL6 0EJ",13,5,8,5
"AL6 0EL",4,1,3,1
"AL6 0EN",24,11,13,9
"AL6 0EP",16,9,7,5
"AL6 0EQ",28,13,15,12
"AL6 0ER",15,6,9,5
"AL6 0ES",17,9,8,4
"AL6 0ET",31,16,15,12
"AL6 0EU",13,8,5,5
"AL6 0EW",2,1,1,2
"AL6 0EY",6,2,4,3
"AL6 0EZ",41,23,18,14
"AL6 0FE",2,1,1,1
"AL6 0GD",18,8,10,13
"AL6 0HA",26,13,13,10
"AL6 0HB",6,1,5,1
"AL6 0HD",10,4,6,7
"AL6 0HE",14,7,7,5
"AL6 0HF",19,8,11,8
"AL6 0HG",6,3,3,2
"AL6 0HH",15,7,8,4
"AL6 0HJ",12,5,7,5
"AL6 0HL",45,20,25,16
"AL6 0HN",24,13,11,11
"AL6 0HP",9,4,5,4
"AL6 0HQ",24,13,11,10
"AL6 0HU",9,5,4,4
"AL6 0HW",3,2,1,2
"AL6 0HZ",10,6,4,5
"AL6 0JB",5,2,3,1
"AL6 0JD",12,6,6,4
"AL6 0JE",13,11,2,3
"AL6 0JF",2,1,1,1
"AL6 0JJ",61,29,32,26
"AL6 0JL",24,12,12,12
"AL6 0JN",5,1,4,2
"AL6 0JP",7,3,4,4
"AL6 0JQ",11,3,8,5
"AL6 0JR",28,13,15,12
"AL6 0JS",4,2,2,3
"AL6 0JT",25,12,13,11
"AL6 0JU",76,41,35,25
"AL6 0JW",29,12,17,10
"AL6 0JX",24,13,11,8
"AL6 0JY",38,19,19,14
"AL6 0JZ",17,9,8,7
"AL6 0LA",51,26,25,24
"AL6 0LB",24,12,12,10
"AL6 0LD",2,1,1,1
"AL6 0LE",58,34,24,21
"AL6 0LF",87,40,47,34
"AL6 0LG",41,18,23,16
"AL6 0LH",9,4,5,3
"AL6 0LJ",22,10,12,10
"AL6 0LL",11,6,5,7
"AL6 0LN",2,1,1,1
"AL6 0LP",3,2,1,2
"AL6 0LQ",85,42,43,36
"AL6 0LR",5,2,3,2
"AL6 0LS",11,4,7,4
"AL6 0LT",22,12,10,8
"AL6 0LU",6,2,4,2
"AL6 0LW",7,3,4,2
"AL6 0LX",22,15,7,10
"AL6 0LY",15,8,7,5
"AL6 0LZ",7,2,5,5
"AL6 0NG",14,6,8,10
"AL6 0NH",90,46,44,39
"AL6 0NJ",19,10,9,8
"AL6 0NL",31,13,18,12
"AL6 0NN",15,6,9,7
"AL6 0NP",43,19,24,17
"AL6 0NQ",13,7,6,7
"AL6 0NR",28,12,16,11
"AL6 0NS",14,6,8,7
"AL6 0NU",23,11,12,10
"AL6 0NW",20,9,11,9
"AL6 0NX",15,7,8,5
"AL6 0NY",42,23,19,18
"AL6 0NZ",64,29,35,22
"AL6 0PA",28,14,14,8
"AL6 0PB",8,3,5,3
"AL6 0PD",30,13,17,10
"AL6 0PE",13,8,5,5
"AL6 0PG",29,18,11,15
"AL6 0PH",15,8,7,10
"AL6 0PJ",29,15,14,9
"AL6 0PL",32,20,12,6
"AL6 0PN",13,6,7,5
"AL6 0PP",27,13,14,10
"AL6 0PQ",46,25,21,15
"AL6 0PR",40,17,23,9
"AL6 0PS",13,6,7,7
"AL6 0PT",47,25,22,18
"AL6 0PU",34,17,17,14
"AL6 0PW",47,25,22,16
"AL6 0PX",18,9,9,9
"AL6 0PY",49,25,24,20
"AL6 0PZ",11,7,4,5
"AL6 0QA",23,12,11,7
"AL6 0QB",41,16,25,15
"AL6 0QD",42,19,23,15
"AL6 0QE",11,6,5,6
"AL6 0QF",11,5,6,5
"AL6 0QG",71,38,33,27
"AL6 0QH",46,22,24,15
"AL6 0QJ",15,8,7,8
"AL6 0QL",15,7,8,7
"AL6 0QN",26,11,15,12
"AL6 0QP",67,31,36,28
"AL6 0QQ",31,14,17,13
"AL6 0QR",9,4,5,3
"AL6 0QS",16,8,8,6
"AL6 0QT",81,39,42,26
"AL6 0QU",26,13,13,8
"AL6 0QW",18,7,11,8
"AL6 0QX",10,3,7,4
"AL6 0QY",8,3,5,5
"AL6 0QZ",27,12,15,10
"AL6 0RA",40,19,21,16
"AL6 0RB",44,22,22,18
"AL6 0RD",38,15,23,13
"AL6 0RE",24,10,14,11
"AL6 0RF",3,2,1,1
"AL6 0RG",5,2,3,2
"AL6 0RH",10,5,5,3
"AL6 0RJ",8,5,3,3
"AL6 0RL",8,5,3,3
"AL6 0RN",79,41,38,31
"AL6 0RP",38,16,22,11
"AL6 0RQ",2,1,1,1
"AL6 0RR",8,3,5,3
"AL6 0RS",20,9,11,12
"AL6 0RU",17,10,7,8
"AL6 0RW",26,14,12,8
"AL6 0RX",4,2,2,3
"AL6 0RY",16,10,6,7
"AL6 0RZ",50,22,28,20
"AL6 0SA",3,2,1,2
"AL6 0SB",62,29,33,23
"AL6 0SD",30,17,13,14
"AL6 0SE",12,6,6,5
"AL6 0SF",35,18,17,11
"AL6 0SG",21,13,8,6
"AL6 0SH",10,6,4,5
"AL6 0SJ",10,5,5,4
"AL6 0SL",22,11,11,10
"AL6 0SN",24,10,14,10
"AL6 0SP",7,4,3,3
"AL6 0SQ",20,10,10,7
"AL6 0SR",19,9,10,10
"AL6 0SS",29,16,13,11
"AL6 0ST",1,0,1,1
"AL6 0SW",9,4,5,2
"AL6 0SX",3,1,2,1
"AL6 0SY",11,5,6,5
"AL6 0TA",13,8,5,10
"AL6 0TB",1,1,0,1
"AL6 0TD",24,11,13,9
"AL6 0TE",37,19,18,13
"AL6 0TF",41,20,21,16
"AL6 0TH",19,8,11,5
"AL6 0TJ",23,13,10,10
"AL6 0TL",8,6,2,3
"AL6 0TN",14,6,8,5
"AL6 0TP",37,19,18,12
"AL6 0TQ",6,3,3,3
"AL6 0TR",24,13,11,10
"AL6 0TS",18,6,12,6
"AL6 0TT",45,26,19,18
"AL6 0TU",43,20,23,13
"AL6 0TW",25,12,13,10
"AL6 0TX",35,18,17,12
"AL6 0TY",78,39,39,27
"AL6 0TZ",10,3,7,3
"AL6 0UA",4,2,2,3
"AL6 0UB",37,20,17,15
"AL6 0UD",29,13,16,13
"AL6 0UE",16,6,10,8
"AL6 0UG",69,35,34,27
"AL6 0UH",12,7,5,5
"AL6 0UJ",11,5,6,5
"AL6 0UL",117,59,58,43
"AL6 0UN",34,20,14,10
"AL6 0UQ",11,5,6,5
"AL6 0UR",35,18,17,16
"AL6 0UU",36,21,15,12
"AL6 0UW",25,11,14,9
"AL6 0UX",14,7,7,7
"AL6 0UY",44,18,26,18
"AL6 0UZ",7,5,2,3
"AL6 0XB",16,8,8,4
"AL6 0XD",57,30,27,26
"AL6 0XE",24,11,13,16
"AL6 0XF",5,3,2,4
"AL6 0XG",15,7,8,7
"AL6 0XH",26,14,12,12
"AL6 0XQ",4,2,2,4
"AL6 9AA",1,0,1,1
"AL6 9AB",33,17,16,16
"AL6 9AD",4,2,2,2
"AL6 9AE",21,12,9,8
"AL6 9AF",14,8,6,5
"AL6 9AH",2,1,1,1
"AL6 9AJ",3,0,3,1
"AL6 9AL",15,8,7,5
"AL6 9AS",12,5,7,5
"AL6 9AU",52,22,30,34
"AL6 9BA",5,5,0,4
"AL6 9BB",19,9,10,9
"AL6 9BD",14,7,7,4
"AL6 9BG",22,12,10,8
"AL6 9BH",12,8,4,6
"AL6 9BJ",3,2,1,1
"AL6 9BL",7,3,4,3
"AL6 9BN",2,1,1,1
"AL6 9BP",29,15,14,9
"AL6 9BQ",3,2,1,1
"AL6 9BS",6,3,3,2
"AL6 9BT",15,6,9,6
"AL6 9BU",5,2,3,3
"AL6 9BW",9,4,5,5
"AL6 9BX",19,9,10,7
"AL6 9BY",7,2,5,3
"AL6 9BZ",3,1,2,2
"AL6 9DA",6,3,3,3
"AL6 9DB",6,2,4,3
"AL6 9DF",7,3,4,3
"AL6 9DL",74,42,32,23
"AL6 9DN",19,7,12,6
"AL6 9DP",3,1,2,1
"AL6 9DQ",109,58,51,48
"AL6 9DS",5,2,3,2
"AL6 9DW",58,26,32,21
"AL6 9DY",3,1,2,2
"AL6 9DZ",3,2,1,2
"AL6 9EA",34,18,16,14
"AL6 9ED",5,3,2,3
"AL6 9EE",13,9,4,7
"AL6 9EG",1,0,1,1
"AL6 9EH",11,5,6,6
"AL6 9EJ",4,2,2,4
"AL6 9EL",14,7,7,4
"AL6 9EN",34,19,15,13
"AL6 9EQ",7,4,3,5
"AL6 9ER",5,3,2,1
"AL6 9ES",14,9,5,7
"AL6 9ET",32,13,19,18
"AL6 9EU",13,7,6,7
"AL6 9EX",8,4,4,7
"AL6 9EY",13,6,7,6
"AL6 9EZ",9,3,6,8
"AL6 9FB",10,3,7,7
"AL6 9FD",114,59,55,48
"AL6 9FE",90,43,47,42
"AL6 9FJ",26,11,15,7
"AL6 9HA",44,24,20,26
"AL6 9HB",57,28,29,23
"AL6 9HN",9,6,3,9
"AL6 9HQ",19,4,15,13
"AL6 9HR",6,3,3,3
"AL6 9HS",61,29,32,22
"AL6 9HT",2,1,1,1
"AL6 9HU",15,7,8,6
"AL6 9HX",24,12,12,10
"AL6 9HY",37,13,24,14
"AL6 9HZ",10,7,3,7
"AL6 9JA",10,5,5,5
"AL6 9JB",17,4,13,6
"AL6 9JD",13,8,5,6
"AL6 9JE",86,44,42,35
"AL6 9JG",98,50,48,33
"AL6 9JH",25,10,15,13
"AL6 9JJ",49,25,24,22
"AL6 9JL",9,4,5,6
"AL6 9JN",28,13,15,16
"AL6 9JP",34,16,18,14
"AL6 9JQ",48,24,24,17
"AL6 9JR",28,12,16,14
"AL6 9JS",3,2,1,2
"AL6 9JT",19,7,12,15
"AL6 9JU",19,6,13,8
"AL6 9JW",27,15,12,10
"AL6 9JX",6,1,5,6
"AL6 9JY",34,16,18,18
"AL6 9JZ",37,13,24,14
"AL6 9LA",42,21,21,24
"AL6 9LB",20,9,11,9
"AL6 9LD",21,12,9,10
"AL6 9LE",8,3,5,4
"AL6 9LF",69,30,39,37
"AL6 9LH",7,3,4,4
"AL6 9LL",1,0,1,1
"AL6 9LN",12,4,8,5
"AL6 9LP",1,0,1,1
"AL6 9LR",34,16,18,19
"AL6 9LS",6,3,3,1
"AL6 9LT",42,21,21,21
"AL6 9LU",12,5,7,9
"AL6 9LW",7,2,5,3
"AL6 9LX",19,9,10,8
"AL6 9NA",3,1,2,2
"AL6 9NB",4,2,2,1
"AL6 9ND",4,2,2,3
"AL6 9NE",6,4,2,2
"AL6 9NG",4,2,2,1
"AL6 9NJ",4,2,2,2
"AL6 9NL",8,4,4,3
"AL6 9NN",27,11,16,11
"AL6 9NP",12,6,6,5
"AL6 9NQ",25,13,12,11
"AL6 9NR",6,2,4,4
"AL6 9NS",33,16,17,13
"AL6 9NT",1,1,0,1
"AL6 9NU",7,2,5,4
"AL6 9NW",86,45,41,33
"AL6 9NX",51,28,23,17
"AL6 9PA",10,5,5,5
"AL6 9PB",85,38,47,33
"AL6 9PD",14,7,7,6
"AL6 9PE",13,6,7,11
"AL6 9PF",16,7,9,10
"AL6 9PG",37,21,16,13
"AL6 9PH",38,19,19,18
"AL6 9PJ",26,14,12,9
"AL6 9PL",51,29,22,16
"AL6 9PN",37,18,19,15
"AL6 9PP",58,31,27,18
"AL6 9PQ",24,13,11,11
"AL6 9PR",50,26,24,18
"AL6 9PS",82,44,38,28
"AL6 9PT",101,45,56,33
"AL6 9PU",62,31,31,25
"AL6 9PW",1,1,0,0
"AL6 9PX",63,31,32,28
"AL6 9PY",27,12,15,19
"AL6 9PZ",21,13,8,7
"AL6 9QA",25,11,14,9
"AL6 9QB",12,6,6,4
"AL6 9QD",12,7,5,5
"AL6 9QE",15,7,8,5
"AL6 9QF",9,5,4,3
"AL6 9RA",15,8,7,6
"AL6 9RB",40,19,21,15
"AL6 9RD",39,18,21,15
"AL6 9RE",66,33,33,28
"AL6 9RF",33,17,16,11
"AL6 9RG",37,20,17,13
"AL6 9RH",22,10,12,8
"AL6 9RJ",32,13,19,14
"AL6 9RL",12,4,8,5
"AL6 9RN",38,16,22,14
"AL6 9RP",48,24,24,19
"AL6 9RQ",30,16,14,12
"AL6 9RR",14,7,7,6
"AL6 9RS",23,12,11,7
"AL6 9RW",33,15,18,11
"AL6 9SA",52,22,30,21
"AL6 9SB",2,1,1,0
"AL6 9SD",3,2,1,1
"AL6 9SE",21,12,9,7
"AL6 9SF",22,12,10,7
"AL6 9SG",16,7,9,6
"AL6 9SH",16,8,8,7
"AL6 9SJ",6,4,2,2
"AL6 9SN",79,24,55,4
"AL6 9SP",20,9,11,13
"AL6 9SQ",26,13,13,10
"AL6 9SS",11,7,4,6
"AL6 9ST",48,25,23,15
"AL6 9SU",53,24,29,19
"AL6 9SW",51,27,24,28
"AL6 9SX",2,2,0,1
"AL6 9SY",35,19,16,14
"AL6 9SZ",12,7,5,6
"AL6 9TA",13,7,6,4
"AL6 9TB",5,3,2,2
"AL6 9TD",9,3,6,4
"AL6 9TE",18,8,10,5
"AL6 9TF",17,8,9,6
"AL6 9TG",6,3,3,2
"AL6 9TJ",14,6,8,3
"AL6 9TP",77,38,39,28
"AL6 9TQ",15,6,9,5
"AL6 9TR",9,3,6,3
"AL6 9TS",23,12,11,10
"AL6 9TT",28,14,14,14
"AL6 9TU",7,4,3,3
"AL6 9TX",42,24,18,16
"AL6 9TY",47,26,21,19
"AL6 9UA",48,23,25,16
"AL6 9UB",26,11,15,10
"AL6 9UD",2,1,1,1
"AL6 9UE",18,7,11,5
"AL6 9UF",24,13,11,10
"AL6 9UG",12,7,5,3
"AL6 9UH",3,1,2,1
"AL6 9UJ",9,5,4,6
"AL6 9UQ",5,4,1,1
"AL7 1AJ",1,1,0,1
"AL7 1AU",1,1,0,1
"AL7 1BX",81,38,43,36
"AL7 1BY",46,21,25,20
"AL7 1DA",20,8,12,12
"AL7 1DB",61,32,29,34
"AL7 1DD",3,2,1,2
"AL7 1DE",17,5,12,9
"AL7 1DG",41,18,23,17
"AL7 1DH",55,31,24,19
"AL7 1DJ",32,17,15,19
"AL7 1DL",102,44,58,41
"AL7 1DN",33,15,18,11
"AL7 1DP",53,24,29,20
"AL7 1DQ",48,21,27,26
"AL7 1DR",27,14,13,9
"AL7 1DS",38,18,20,21
"AL7 1DU",55,26,29,26
"AL7 1DW",69,34,35,23
"AL7 1DX",88,45,43,32
"AL7 1DZ",90,48,42,31
"AL7 1EA",44,13,31,15
"AL7 1EB",40,19,21,19
"AL7 1ED",4,1,3,2
"AL7 1EE",75,38,37,26
"AL7 1EF",13,4,9,10
"AL7 1EG",62,35,27,21
"AL7 1EN",5,2,3,2
"AL7 1EQ",13,6,7,9
"AL7 1FF",31,14,17,12
"AL7 1FG",136,72,64,45
"AL7 1FH",33,19,14,17
"AL7 1FJ",30,14,16,12
"AL7 1FL",29,15,14,12
"AL7 1FN",53,26,27,19
"AL7 1FP",32,17,15,12
"AL7 1FQ",91,40,51,36
"AL7 1FR",59,29,30,26
"AL7 1GY",63,37,26,38
"AL7 1GZ",65,32,33,36
"AL7 1HN",123,65,58,53
"AL7 1HQ",19,8,11,6
"AL7 1HR",15,7,8,6
"AL7 1JU",2,0,2,1
"AL7 1NA",52,27,25,26
"AL7 1NB",7,3,4,5
"AL7 1ND",77,35,42,37
"AL7 1NE",14,7,7,6
"AL7 1NF",24,13,11,10
"AL7 1NG",29,13,16,10
"AL7 1NH",9,5,4,4
"AL7 1NJ",111,59,52,54
"AL7 1NL",31,13,18,15
"AL7 1NN",57,23,34,22
"AL7 1NP",28,15,13,12
"AL7 1NQ",61,29,32,28
"AL7 1NR",34,16,18,12
"AL7 1NS",32,15,17,12
"AL7 1NT",63,32,31,25
"AL7 1NU",7,4,3,2
"AL7 1NW",33,17,16,13
"AL7 1NX",19,7,12,12
"AL7 1NY",8,5,3,8
"AL7 1NZ",103,52,51,33
"AL7 1PA",7,3,4,4
"AL7 1PB",47,18,29,19
"AL7 1PD",65,36,29,31
"AL7 1PE",9,2,7,6
"AL7 1PF",34,17,17,17
"AL7 1PG",60,31,29,29
"AL7 1PH",10,5,5,3
"AL7 1PJ",28,12,16,20
"AL7 1PL",41,20,21,16
"AL7 1PN",40,16,24,14
"AL7 1PP",28,14,14,9
"AL7 1PQ",20,11,9,7
"AL7 1PR",8,3,5,4
"AL7 1PS",10,8,2,9
"AL7 1PW",21,8,13,14
"AL7 1PZ",5,1,4,2
"AL7 1QD",43,21,22,17
"AL7 1QE",18,8,10,8
"AL7 1QF",66,33,33,25
"AL7 1QG",67,37,30,25
"AL7 1QH",36,19,17,15
"AL7 1QJ",27,13,14,10
"AL7 1QL",53,29,24,20
"AL7 1QN",60,25,35,22
"AL7 1QP",43,17,26,13
"AL7 1QQ",56,28,28,22
"AL7 1QR",76,39,37,29
"AL7 1QS",5,3,2,3
"AL7 1QT",113,51,62,36
"AL7 1QU",32,16,16,15
"AL7 1QW",55,26,29,25
"AL7 1QX",33,14,19,14
"AL7 1QY",76,37,39,30
"AL7 1QZ",29,17,12,23
"AL7 1RB",19,8,11,8
"AL7 1RD",35,16,19,20
"AL7 1RE",78,36,42,29
"AL7 1RF",39,18,21,14
"AL7 1RG",43,21,22,17
"AL7 1RH",24,12,12,8
"AL7 1RJ",25,11,14,10
"AL7 1RL",40,18,22,21
"AL7 1RN",36,20,16,22
"AL7 1RP",16,6,10,11
"AL7 1RQ",9,4,5,3
"AL7 1RW",11,3,8,10
"AL7 1SD",125,58,67,55
"AL7 1SE",76,39,37,33
"AL7 1SF",124,63,61,59
"AL7 1TP",37,15,22,14
"AL7 1TR",63,24,39,33
"AL7 1UA",45,29,16,16
"AL7 1UB",54,28,26,26
"AL7 1UD",32,17,15,14
"AL7 1UE",52,23,29,17
"AL7 1UF",42,20,22,19
"AL7 1UG",81,39,42,36
"AL7 1UH",17,8,9,5
"AL7 1UJ",23,11,12,8
"AL7 1UL",55,26,29,28
"AL7 1UN",75,35,40,39
"AL7 1UP",39,19,20,29
"AL7 1UQ",49,23,26,26
"AL7 1UW",62,29,33,33
"AL7 2AD",6,3,3,2
"AL7 2AF",3,2,1,1
"AL7 2AG",65,32,33,22
"AL7 2AH",53,24,29,22
"AL7 2AJ",24,11,13,10
"AL7 2AL",45,27,18,16
"AL7 2AN",72,36,36,24
"AL7 2AP",30,14,16,16
"AL7 2AQ",24,10,14,9
"AL7 2AR",19,9,10,8
"AL7 2AS",61,28,33,26
"AL7 2AT",22,12,10,6
"AL7 2AU",13,6,7,5
"AL7 2AW",22,14,8,6
"AL7 2AX",35,14,21,11
"AL7 2AY",26,9,17,26
"AL7 2AZ",17,10,7,5
"AL7 2BA",38,20,18,12
"AL7 2BB",6,3,3,4
"AL7 2BD",76,40,36,37
"AL7 2BE",87,40,47,36
"AL7 2BF",51,23,28,24
"AL7 2BG",31,17,14,19
"AL7 2BJ",26,12,14,12
"AL7 2BL",20,12,8,6
"AL7 2BN",38,20,18,12
"AL7 2BP",42,22,20,31
"AL7 2BQ",24,17,7,17
"AL7 2BS",31,10,21,29
"AL7 2BT",51,26,25,27
"AL7 2BW",44,19,25,16
"AL7 2DA",7,4,3,2
"AL7 2DB",8,3,5,3
"AL7 2DG",30,15,15,9
"AL7 2DH",42,21,21,15
"AL7 2DJ",9,4,5,5
"AL7 2DL",62,32,30,30
"AL7 2DN",32,15,17,17
"AL7 2DP",51,24,27,24
"AL7 2DQ",17,9,8,6
"AL7 2DR",88,50,38,42
"AL7 2DS",46,22,24,22
"AL7 2DU",55,29,26,23
"AL7 2DW",76,42,34,34
"AL7 2DX",55,27,28,20
"AL7 2DY",66,34,32,24
"AL7 2DZ",61,30,31,24
"AL7 2EA",60,32,28,23
"AL7 2EB",4,2,2,2
"AL7 2ED",4,2,2,2
"AL7 2EE",22,10,12,10
"AL7 2EF",57,21,36,20
"AL7 2EG",41,23,18,15
"AL7 2EH",115,61,54,54
"AL7 2EJ",52,31,21,15
"AL7 2EL",49,22,27,30
"AL7 2EN",77,37,40,46
"AL7 2EP",65,29,36,28
"AL7 2EQ",21,11,10,8
"AL7 2ER",39,28,11,29
"AL7 2ES",82,49,33,59
"AL7 2EU",19,7,12,14
"AL7 2EW",57,31,26,31
"AL7 2EX",28,19,9,24
"AL7 2HA",115,54,61,67
"AL7 2HB",4,2,2,2
"AL7 2HD",100,44,56,45
"AL7 2HE",103,45,58,38
"AL7 2HF",118,59,59,51
"AL7 2HG",109,62,47,46
"AL7 2HH",22,11,11,7
"AL7 2HJ",107,58,49,47
"AL7 2HL",113,54,59,49
"AL7 2HN",32,19,13,13
"AL7 2HP",18,9,9,7
"AL7 2HQ",63,37,26,48
"AL7 2HR",88,46,42,29
"AL7 2HS",81,38,43,28
"AL7 2HT",95,47,48,35
"AL7 2HU",47,22,25,17
"AL7 2HW",48,22,26,17
"AL7 2HX",18,10,8,8
"AL7 2HY",52,24,28,29
"AL7 2HZ",47,25,22,26
"AL7 2JA",78,38,40,45
"AL7 2JB",76,21,55,25
"AL7 2JD",1,0,1,1
"AL7 2JG",48,17,31,25
"AL7 2JH",33,14,19,18
"AL7 2JJ",26,12,14,16
"AL7 2JL",20,11,9,7
"AL7 2JN",16,9,7,5
"AL7 2JP",83,43,40,31
"AL7 2JQ",37,19,18,17
"AL7 2JR",46,24,22,20
"AL7 2JS",48,27,21,18
"AL7 2JT",30,17,13,12
"AL7 2JU",77,41,36,39
"AL7 2JW",58,32,26,21
"AL7 2JX",48,21,27,25
"AL7 2LA",20,10,10,8
"AL7 2LB",72,41,31,34
"AL7 2LD",65,36,29,33
"AL7 2LE",48,24,24,19
"AL7 2LF",48,24,24,15
"AL7 2LG",28,12,16,11
"AL7 2LH",85,47,38,38
"AL7 2LJ",26,15,11,10
"AL7 2LL",40,18,22,14
"AL7 2LN",38,20,18,13
"AL7 2LP",10,4,6,6
"AL7 2LQ",33,17,16,13
"AL7 2LR",63,27,36,28
"AL7 2LS",41,20,21,35
"AL7 2LT",54,26,28,46
"AL7 2LU",16,14,2,15
"AL7 2LW",51,28,23,26
"AL7 2LX",16,7,9,8
"AL7 2LY",16,6,10,7
"AL7 2LZ",6,2,4,2
"AL7 2NA",35,22,13,12
"AL7 2NB",70,35,35,28
"AL7 2ND",16,6,10,8
"AL7 2NE",28,13,15,15
"AL7 2NF",13,4,9,5
"AL7 2NG",21,9,12,8
"AL7 2NH",28,15,13,9
"AL7 2NJ",26,14,12,8
"AL7 2NL",53,28,25,29
"AL7 2NN",128,61,67,49
"AL7 2NP",75,39,36,50
"AL7 2NQ",26,14,12,9
"AL7 2PA",108,55,53,52
"AL7 2PB",54,32,22,25
"AL7 2PD",42,20,22,16
"AL7 2PE",62,30,32,20
"AL7 2PF",58,24,34,19
"AL7 2PG",17,10,7,8
"AL7 2PH",69,37,32,31
"AL7 2PJ",25,10,15,14
"AL7 2PL",27,15,12,9
"AL7 2PN",31,15,16,16
"AL7 2PP",64,31,33,23
"AL7 2PQ",62,38,24,40
"AL7 2PR",59,30,29,21
"AL7 2PS",52,23,29,21
"AL7 2PT",92,45,47,29
"AL7 2PU",32,17,15,11
"AL7 2PW",62,30,32,26
"AL7 2PX",34,15,19,11
"AL7 2PY",56,29,27,24
"AL7 2PZ",102,50,52,35
"AL7 2QA",143,79,64,57
"AL7 2QF",70,39,31,29
"AL7 2QG",82,50,32,26
"AL7 2QH",40,21,19,14
"AL7 2QJ",35,16,19,19
"AL7 2QL",29,13,16,10
"AL7 2RG",26,4,22,22
"AL7 2RH",42,14,28,31
"AL7 3AB",62,23,39,25
"AL7 3AE",10,6,4,5
"AL7 3AF",59,31,28,23
"AL7 3AG",31,12,19,19
"AL7 3AJ",35,18,17,14
"AL7 3BA",39,15,24,28
"AL7 3BB",33,10,23,26
"AL7 3BH",39,20,19,23
"AL7 3BN",48,22,26,15
"AL7 3BX",79,30,49,25
"AL7 3DA",35,18,17,11
"AL7 3DB",68,33,35,26
"AL7 3DD",60,31,29,19
"AL7 3DE",80,34,46,30
"AL7 3DF",25,11,14,10
"AL7 3DG",107,45,62,47
"AL7 3DJ",26,17,9,8
"AL7 3DQ",1,0,1,1
"AL7 3DU",83,45,38,29
"AL7 3DX",18,9,9,6
"AL7 3DY",19,7,12,9
"AL7 3DZ",27,14,13,12
"AL7 3EA",86,42,44,31
"AL7 3EB",85,37,48,36
"AL7 3EJ",31,17,14,13
"AL7 3EL",8,4,4,3
"AL7 3EN",11,5,6,8
"AL7 3EP",82,38,44,34
"AL7 3ER",12,5,7,7
"AL7 3ES",28,11,17,13
"AL7 3ET",14,6,8,5
"AL7 3EU",72,35,37,27
"AL7 3EW",50,28,22,24
"AL7 3EX",65,31,34,20
"AL7 3EY",26,11,15,8
"AL7 3EZ",97,43,54,41
"AL7 3HA",15,7,8,8
"AL7 3HB",50,27,23,17
"AL7 3HD",27,13,14,11
"AL7 3HE",42,19,23,19
"AL7 3HF",28,12,16,12
"AL7 3HG",37,17,20,20
"AL7 3HH",43,19,24,19
"AL7 3HJ",60,25,35,25
"AL7 3HL",46,18,28,16
"AL7 3HN",44,25,19,13
"AL7 3HQ",20,8,12,7
"AL7 3HR",94,38,56,42
"AL7 3HS",14,9,5,11
"AL7 3HT",11,6,5,11
"AL7 3HW",44,21,23,16
"AL7 3HX",97,46,51,25
"AL7 3HY",17,12,5,11
"AL7 3HZ",98,48,50,37
"AL7 3JA",7,2,5,3
"AL7 3JD",53,25,28,16
"AL7 3JE",16,9,7,5
"AL7 3JF",37,20,17,13
"AL7 3JG",34,17,17,12
"AL7 3JH",109,50,59,35
"AL7 3JJ",7,3,4,3
"AL7 3JN",28,11,17,12
"AL7 3JP",15,8,7,3
"AL7 3JQ",62,26,36,26
"AL7 3JR",10,6,4,8
"AL7 3JS",42,20,22,14
"AL7 3JT",114,55,59,48
"AL7 3JU",40,21,19,13
"AL7 3JW",44,22,22,27
"AL7 3JX",98,45,53,36
"AL7 3JY",132,59,73,47
"AL7 3JZ",64,30,34,26
"AL7 3LA",19,8,11,12
"AL7 3LB",29,11,18,20
"AL7 3LD",11,6,5,4
"AL7 3LE",38,17,21,18
"AL7 3LF",21,8,13,16
"AL7 3LG",5,3,2,4
"AL7 3LH",17,5,12,8
"AL7 3LJ",75,36,39,27
"AL7 3LL",53,25,28,20
"AL7 3LN",12,6,6,6
"AL7 3LP",68,38,30,21
"AL7 3LQ",67,37,30,27
"AL7 3LR",31,20,11,24
"AL7 3LS",59,27,32,19
"AL7 3LT",87,35,52,25
"AL7 3LW",153,68,85,57
"AL7 3LX",53,27,26,27
"AL7 3LY",15,6,9,11
"AL7 3LZ",15,5,10,12
"AL7 3NA",98,43,55,46
"AL7 3NB",15,6,9,7
"AL7 3ND",12,7,5,7
"AL7 3NE",51,22,29,14
"AL7 3NF",112,52,60,35
"AL7 3NG",58,28,30,20
"AL7 3NH",58,28,30,19
"AL7 3NJ",39,19,20,14
"AL7 3NL",107,55,52,34
"AL7 3NN",46,18,28,16
"AL7 3NP",86,46,40,30
"AL7 3NQ",67,30,37,20
"AL7 3NR",14,9,5,6
"AL7 3NS",90,52,38,40
"AL7 3NT",128,59,69,45
"AL7 3NU",50,27,23,14
"AL7 3NW",83,46,37,29
"AL7 3NX",58,29,29,24
"AL7 3NY",68,28,40,22
"AL7 3NZ",71,26,45,19
"AL7 3PA",18,12,6,12
"AL7 3PB",127,59,68,49
"AL7 3PD",55,32,23,31
"AL7 3PG",16,10,6,6
"AL7 3PH",62,20,42,46
"AL7 3PJ",4,1,3,3
"AL7 3PL",71,35,36,32
"AL7 3PN",46,19,27,20
"AL7 3PU",54,33,21,29
"AL7 3PW",34,18,16,14
"AL7 3PX",32,17,15,20
"AL7 3PY",35,16,19,11
"AL7 3PZ",33,17,16,10
"AL7 3QA",72,35,37,33
"AL7 3QB",22,9,13,9
"AL7 3QD",82,38,44,27
"AL7 3QE",51,28,23,22
"AL7 3QF",45,18,27,26
"AL7 3QG",28,11,17,13
"AL7 3QH",7,4,3,6
"AL7 3QJ",23,12,11,7
"AL7 3QL",9,6,3,8
"AL7 3QN",8,6,2,6
"AL7 3QP",14,8,6,9
"AL7 3QQ",69,27,42,39
"AL7 3QR",9,5,4,8
"AL7 3QS",64,31,33,18
"AL7 3QT",112,48,64,30
"AL7 3QW",14,9,5,9
"AL7 3QZ",6,2,4,4
"AL7 3RA",18,7,11,8
"AL7 3RB",26,11,15,8
"AL7 3RD",28,14,14,9
"AL7 3RE",70,32,38,26
"AL7 3RF",91,43,48,25
"AL7 3RG",75,33,42,24
"AL7 3RH",21,9,12,8
"AL7 3RJ",60,25,35,22
"AL7 3RL",72,35,37,36
"AL7 3RN",10,3,7,4
"AL7 3RQ",23,12,11,10
"AL7 3RR",73,35,38,24
"AL7 3RS",72,34,38,25
"AL7 3RT",68,28,40,24
"AL7 3RU",28,15,13,9
"AL7 3RW",77,31,46,28
"AL7 3RX",125,60,65,38
"AL7 3RY",37,11,26,14
"AL7 3RZ",29,10,19,12
"AL7 3SA",54,29,25,16
"AL7 3SB",92,39,53,30
"AL7 3SD",68,39,29,23
"AL7 3SH",77,38,39,35
"AL7 3SJ",43,19,24,25
"AL7 3SN",65,33,32,28
"AL7 3SR",44,22,22,19
"AL7 3ST",97,45,52,31
"AL7 3SX",69,35,34,24
"AL7 3SY",68,33,35,32
"AL7 3TB",55,23,32,22
"AL7 3TD",144,74,70,57
"AL7 3TE",55,23,32,39
"AL7 3TF",58,27,31,20
"AL7 3TG",18,11,7,8
"AL7 3TH",33,17,16,14
"AL7 3TJ",20,6,14,8
"AL7 3TL",73,38,35,33
"AL7 3TN",17,7,10,6
"AL7 3TP",14,6,8,7
"AL7 3TQ",122,65,57,46
"AL7 3TR",25,12,13,8
"AL7 3TS",108,51,57,40
"AL7 3TT",72,42,30,44
"AL7 3TU",154,73,81,54
"AL7 3TW",52,30,22,20
"AL7 3UA",20,10,10,6
"AL7 3UD",12,8,4,4
"AL7 3UE",34,17,17,12
"AL7 3UH",16,7,9,8
"AL7 3UL",100,75,25,0
"AL7 3UN",13,7,6,11
"AL7 3UP",21,13,8,18
"AL7 3UU",10,5,5,6
"AL7 3UX",90,47,43,44
"AL7 3UZ",35,19,16,19
"AL7 3XA",32,19,13,15
"AL7 3XB",31,17,14,16
"AL7 3XE",82,38,44,26
"AL7 3XF",101,45,56,36
"AL7 3XG",40,19,21,13
"AL7 3XH",58,25,33,24
"AL7 3XJ",58,27,31,21
"AL7 3XL",32,15,17,14
"AL7 3XN",111,51,60,33
"AL7 3XP",88,41,47,40
"AL7 3XW",52,25,27,16
"AL7 4AA",4,1,3,2
"AL7 4AB",6,2,4,2
"AL7 4AD",52,26,26,20
"AL7 4AE",99,50,49,42
"AL7 4AF",16,9,7,8
"AL7 4AG",105,56,49,38
"AL7 4AH",74,36,38,25
"AL7 4AJ",49,24,25,20
"AL7 4AL",57,28,29,24
"AL7 4AN",91,41,50,32
"AL7 4AP",57,27,30,21
"AL7 4AQ",120,59,61,50
"AL7 4AR",112,57,55,42
"AL7 4AS",20,14,6,7
"AL7 4AW",31,18,13,12
"AL7 4BA",24,12,12,8
"AL7 4BB",28,15,13,10
"AL7 4BD",25,11,14,8
"AL7 4BE",44,25,19,20
"AL7 4BG",37,19,18,15
"AL7 4BJ",40,24,16,16
"AL7 4BL",21,9,12,11
"AL7 4BN",20,11,9,8
"AL7 4BP",38,17,21,15
"AL7 4BQ",25,12,13,9
"AL7 4BS",65,31,34,29
"AL7 4BT",52,23,29,25
"AL7 4DA",37,17,20,35
"AL7 4DB",83,35,48,33
"AL7 4DF",81,39,42,29
"AL7 4DG",45,18,27,18
"AL7 4DH",28,10,18,10
"AL7 4DJ",66,28,38,23
"AL7 4DL",11,6,5,4
"AL7 4DN",54,31,23,24
"AL7 4DP",50,23,27,15
"AL7 4DQ",48,22,26,21
"AL7 4DR",39,16,23,13
"AL7 4DS",55,27,28,20
"AL7 4DU",56,26,30,24
"AL7 4DW",43,20,23,17
"AL7 4DX",41,22,19,14
"AL7 4DY",57,31,26,22
"AL7 4DZ",8,7,1,6
"AL7 4EA",14,7,7,6
"AL7 4EB",49,18,31,23
"AL7 4ED",55,25,30,18
"AL7 4EE",115,52,63,40
"AL7 4EF",8,4,4,3
"AL7 4EG",133,65,68,49
"AL7 4EH",1,1,0,1
"AL7 4EJ",12,7,5,6
"AL7 4EQ",55,30,25,17
"AL7 4ET",100,45,55,39
"AL7 4EU",81,39,42,32
"AL7 4EW",9,4,5,6
"AL7 4EX",21,11,10,9
"AL7 4EY",68,30,38,28
"AL7 4EZ",35,16,19,15
"AL7 4FA",30,11,19,12
"AL7 4FB",74,32,42,20
"AL7 4FD",31,12,19,10
"AL7 4FE",49,21,28,27
"AL7 4FF",49,29,20,21
"AL7 4FG",164,77,87,60
"AL7 4FH",121,59,62,39
"AL7 4FJ",65,37,28,30
"AL7 4FL",59,29,30,29
"AL7 4FN",12,7,5,3
"AL7 4FQ",121,59,62,43
"AL7 4HA",45,24,21,18
"AL7 4HB",85,42,43,30
"AL7 4HD",99,48,51,31
"AL7 4HE",9,5,4,3
"AL7 4HF",56,23,33,27
"AL7 4HG",22,8,14,13
"AL7 4HN",69,32,37,29
"AL7 4HP",68,33,35,25
"AL7 4HR",12,8,4,4
"AL7 4HS",39,21,18,17
"AL7 4HT",79,44,35,26
"AL7 4HW",39,16,23,14
"AL7 4HZ",118,50,68,49
"AL7 4JA",66,28,38,20
"AL7 4JB",20,10,10,5
"AL7 4JH",36,21,15,14
"AL7 4JJ",1,1,0,1
"AL7 4JL",37,27,10,30
"AL7 4JN",62,25,37,34
"AL7 4JP",64,33,31,24
"AL7 4JQ",190,99,91,109
"AL7 4JR",15,7,8,6
"AL7 4JS",23,11,12,9
"AL7 4JT",30,12,18,10
"AL7 4JU",1,0,1,1
"AL7 4JW",72,32,40,21
"AL7 4JX",48,20,28,13
"AL7 4JY",83,38,45,29
"AL7 4JZ",69,38,31,22
"AL7 4LA",34,15,19,12
"AL7 4LB",109,58,51,37
"AL7 4LD",43,18,25,15
"AL7 4LE",22,8,14,7
"AL7 4LF",39,16,23,13
"AL7 4LG",134,64,70,44
"AL7 4LH",73,35,38,26
"AL7 4LJ",56,25,31,20
"AL7 4LL",14,5,9,12
"AL7 4LP",50,19,31,28
"AL7 4LQ",17,7,10,5
"AL7 4LR",57,26,31,34
"AL7 4LT",22,10,12,8
"AL7 4LU",47,26,21,14
"AL7 4LX",1,1,0,0
"AL7 4LY",49,29,20,31
"AL7 4LZ",16,6,10,11
"AL7 4NA",59,33,26,24
"AL7 4NB",30,12,18,11
"AL7 4ND",44,8,36,0
"AL7 4NE",8,0,8,8
"AL7 4NF",39,17,22,16
"AL7 4NG",22,11,11,8
"AL7 4NH",79,40,39,26
"AL7 4NJ",57,30,27,19
"AL7 4NL",55,28,27,24
"AL7 4NN",14,6,8,4
"AL7 4NP",41,19,22,13
"AL7 4NQ",138,72,66,49
"AL7 4NR",39,21,18,13
"AL7 4NS",47,18,29,18
"AL7 4NT",23,11,12,10
"AL7 4NU",46,26,20,19
"AL7 4NW",73,39,34,25
"AL7 4NX",63,27,36,26
"AL7 4NZ",18,8,10,12
"AL7 4PA",44,22,22,30
"AL7 4PJ",39,22,17,13
"AL7 4PN",2,1,1,1
"AL7 4PP",61,31,30,25
"AL7 4PQ",24,9,15,8
"AL7 4PR",63,32,31,25
"AL7 4PS",33,16,17,13
"AL7 4PT",62,31,31,23
"AL7 4PW",9,5,4,3
"AL7 4PX",37,18,19,17
"AL7 4PY",29,16,13,11
"AL7 4PZ",54,26,28,20
"AL7 4QA",27,15,12,10
"AL7 4QB",29,16,13,14
"AL7 4QD",42,21,21,18
"AL7 4QE",29,13,16,11
"AL7 4QF",30,11,19,11
"AL7 4QG",27,15,12,12
"AL7 4QH",40,18,22,16
"AL7 4QJ",9,5,4,5
"AL7 4QL",49,24,25,16
"AL7 4QQ",6,4,2,2
"AL7 4RA",106,57,49,37
"AL7 4RB",33,16,17,10
"AL7 4RD",19,9,10,9
"AL7 4RE",36,18,18,14
"AL7 4RF",33,17,16,15
"AL7 4RG",59,32,27,25
"AL7 4RH",59,25,34,23
"AL7 4RJ",91,48,43,32
"AL7 4RL",94,41,53,39
"AL7 4RN",17,7,10,12
"AL7 4RP",57,26,31,18
"AL7 4RQ",8,5,3,3
"AL7 4RR",69,37,32,24
"AL7 4RS",35,15,20,9
"AL7 4RT",58,24,34,18
"AL7 4RW",14,8,6,6
"AL7 4RX",57,25,32,18
"AL7 4RY",9,4,5,5
"AL7 4RZ",74,36,38,32
"AL7 4SA",63,33,30,19
"AL7 4SB",31,17,14,15
"AL7 4SD",44,17,27,24
"AL7 4SG",80,39,41,45
"AL7 4SH",109,65,44,56
"AL7 4SJ",34,17,17,17
"AL7 4SL",7,3,4,3
"AL7 4SQ",183,82,101,69
"AL7 4SR",4,3,1,1
"AL7 4SX",174,83,91,73
"AL7 4SY",131,68,63,62
"AL7 4SZ",10,5,5,3
"AL7 4TA",40,18,22,15
"AL7 4TD",33,14,19,12
"AL7 4TE",70,36,34,28
"AL7 4TF",71,40,31,50
"AL7 4TG",91,50,41,35
"AL7 4TH",43,25,18,16
"AL7 4TJ",97,46,51,31
"AL7 4TL",26,10,16,10
"AL7 4TN",30,12,18,14
"AL7 4TP",24,11,13,9
"AL7 4TQ",34,15,19,12
"AL7 4TR",45,24,21,16
"AL7 4TS",4,1,3,2
"AL7 4TT",110,67,43,50
"AL7 4TU",62,30,32,32
"AL7 4TX",124,63,61,64
"AL7 4TZ",82,41,41,55
"AL8 6AL",4,2,2,1
"AL8 6AT",21,16,5,16
"AL8 6DB",37,19,18,12
"AL8 6DD",10,3,7,8
"AL8 6DE",29,12,17,20
"AL8 6DU",25,9,16,18
"AL8 6DX",31,17,14,21
"AL8 6EA",30,16,14,15
"AL8 6EB",87,37,50,34
"AL8 6ED",43,17,26,15
"AL8 6EE",29,11,18,15
"AL8 6EF",22,11,11,8
"AL8 6EG",22,11,11,13
"AL8 6EH",32,15,17,14
"AL8 6EJ",31,15,16,12
"AL8 6EL",66,31,35,41
"AL8 6EN",69,33,36,32
"AL8 6EP",8,3,5,4
"AL8 6EQ",36,16,20,14
"AL8 6ET",43,26,17,24
"AL8 6EU",15,10,5,6
"AL8 6EX",42,20,22,15
"AL8 6EY",98,49,49,33
"AL8 6HF",33,16,17,9
"AL8 6HG",2,2,0,2
"AL8 6HH",31,15,16,15
"AL8 6HJ",33,13,20,11
"AL8 6HL",20,8,12,12
"AL8 6HN",18,9,9,7
"AL8 6HP",44,20,24,13
"AL8 6HQ",19,9,10,5
"AL8 6HR",24,14,10,10
"AL8 6HS",36,14,22,21
"AL8 6HT",31,15,16,14
"AL8 6HU",50,25,25,21
"AL8 6HW",56,29,27,23
"AL8 6HX",7,4,3,3
"AL8 6HY",45,22,23,16
"AL8 6HZ",29,14,15,10
"AL8 6JA",38,20,18,17
"AL8 6JB",27,11,16,10
"AL8 6JD",5,2,3,1
"AL8 6JF",19,7,12,6
"AL8 6JQ",6,3,3,2
"AL8 6JR",92,35,57,51
"AL8 6JS",57,25,32,29
"AL8 6JT",27,13,14,14
"AL8 6JU",48,23,25,18
"AL8 6JW",63,29,34,43
"AL8 6JX",53,26,27,20
"AL8 6JY",37,18,19,16
"AL8 6JZ",30,15,15,12
"AL8 6LA",53,26,27,18
"AL8 6LB",6,2,4,4
"AL8 6LD",70,35,35,25
"AL8 6LE",75,37,38,25
"AL8 6LG",89,44,45,28
"AL8 6LH",34,12,22,10
"AL8 6LJ",45,29,16,15
"AL8 6LL",83,40,43,30
"AL8 6LN",49,23,26,20
"AL8 6LP",96,40,56,29
"AL8 6LQ",25,11,14,8
"AL8 6LW",38,17,21,12
"AL8 6LY",1,1,0,1
"AL8 6PA",36,23,13,24
"AL8 6PB",37,21,16,28
"AL8 6PD",21,14,7,15
"AL8 6PG",1,1,0,1
"AL8 6PR",3,2,1,1
"AL8 6PS",10,5,5,5
"AL8 6PZ",43,20,23,22
"AL8 6QA",15,5,10,11
"AL8 6QJ",2,2,0,1
"AL8 6QL",12,5,7,5
"AL8 6QN",7,4,3,3
"AL8 6QR",20,10,10,9
"AL8 6QS",19,10,9,6
"AL8 6QT",17,8,9,7
"AL8 6QU",13,7,6,5
"AL8 6QW",12,5,7,4
"AL8 6QX",14,6,8,6
"AL8 6QY",14,7,7,6
"AL8 6QZ",36,20,16,14
"AL8 6RA",21,9,12,8
"AL8 6RB",88,33,55,70
"AL8 6RE",94,43,51,36
"AL8 6RF",99,37,62,55
"AL8 6RG",6,2,4,4
"AL8 6RH",32,14,18,12
"AL8 6RJ",29,13,16,22
"AL8 6RP",37,19,18,12
"AL8 6RQ",23,9,14,21
"AL8 6RR",16,9,7,7
"AL8 6RS",1,0,1,1
"AL8 6RT",19,9,10,8
"AL8 6RU",37,21,16,13
"AL8 6RX",60,28,32,21
"AL8 6RY",31,18,13,11
"AL8 6SE",22,8,14,10
"AL8 6SF",12,6,6,5
"AL8 6SG",26,13,13,13
"AL8 6SH",85,38,47,30
"AL8 6SJ",53,31,22,22
"AL8 6SL",32,15,17,12
"AL8 6SN",8,3,5,2
"AL8 6SP",22,9,13,10
"AL8 6SQ",22,10,12,9
"AL8 6SR",41,19,22,14
"AL8 6SS",51,27,24,28
"AL8 6ST",8,5,3,5
"AL8 6SU",10,3,7,9
"AL8 6SY",12,6,6,4
"AL8 6SZ",28,12,16,12
"AL8 6TA",72,37,35,27
"AL8 6TB",49,26,23,19
"AL8 6TD",70,32,38,25
"AL8 6TE",37,19,18,13
"AL8 6TF",52,19,33,21
"AL8 6TG",16,9,7,6
"AL8 6TL",52,9,43,45
"AL8 6TN",15,3,12,14
"AL8 6TR",41,17,24,25
"AL8 6TS",51,25,26,36
"AL8 6UG",21,8,13,7
"AL8 6UH",16,8,8,6
"AL8 6UJ",68,22,46,53
"AL8 6UL",62,18,44,50
"AL8 6UR",19,10,9,8
"AL8 6UX",51,21,30,20
"AL8 6UZ",29,8,21,25
"AL8 6WW",44,24,20,19
"AL8 6XB",47,26,21,28
"AL8 6XD",11,4,7,5
"AL8 6XG",14,5,9,5
"AL8 6XH",50,23,27,32
"AL8 6XJ",42,27,15,29
"AL8 6XL",53,23,30,32
"AL8 6XN",60,24,36,22
"AL8 6XP",28,12,16,12
"AL8 6XQ",9,3,6,5
"AL8 6XR",48,28,20,16
"AL8 6XS",32,16,16,16
"AL8 6XT",33,15,18,18
"AL8 6XU",37,16,21,20
"AL8 6XW",53,25,28,16
"AL8 6XX",29,15,14,12
"AL8 6XY",5,3,2,2
"AL8 6XZ",53,28,25,23
"AL8 6YA",39,15,24,13
"AL8 6YB",47,22,25,17
"AL8 6YD",60,32,28,20
"AL8 6YE",27,15,12,10
"AL8 6YF",6,3,3,2
"AL8 6YH",14,7,7,6
"AL8 6YJ",91,45,46,33
"AL8 6YL",27,10,17,9
"AL8 6YN",75,37,38,30
"AL8 6YP",37,17,20,15
"AL8 6YQ",66,29,37,34
"AL8 6YS",111,62,49,35
"AL8 6YT",101,46,55,36
"AL8 6YU",2,1,1,1
"AL8 6YX",38,19,19,19
"AL8 7AA",20,10,10,9
"AL8 7AB",71,35,36,24
"AL8 7AD",106,49,57,54
"AL8 7AE",91,40,51,42
"AL8 7AF",16,7,9,8
"AL8 7AG",51,24,27,21
"AL8 7AH",62,30,32,30
"AL8 7AJ",26,9,17,12
"AL8 7AL",46,22,24,23
"AL8 7AN",26,10,16,11
"AL8 7AP",72,37,35,35
"AL8 7AQ",52,23,29,15
"AL8 7AT",14,6,8,8
"AL8 7AW",105,53,52,42
"AL8 7AX",17,9,8,8
"AL8 7AY",15,8,7,5
"AL8 7AZ",33,13,20,9
"AL8 7BA",22,8,14,9
"AL8 7BB",42,19,23,15
"AL8 7BD",33,14,19,12
"AL8 7BE",35,18,17,15
"AL8 7BG",79,41,38,29
"AL8 7BH",45,22,23,16
"AL8 7BJ",45,22,23,15
"AL8 7BL",17,7,10,9
"AL8 7BN",35,17,18,14
"AL8 7BQ",30,17,13,9
"AL8 7BS",17,9,8,4
"AL8 7BT",13,7,6,5
"AL8 7BU",9,6,3,2
"AL8 7BW",33,13,20,15
"AL8 7DF",12,6,6,3
"AL8 7DG",18,8,10,9
"AL8 7DH",48,21,27,19
"AL8 7DJ",15,7,8,6
"AL8 7DL",11,5,6,4
"AL8 7DN",48,19,29,18
"AL8 7DP",30,16,14,12
"AL8 7DQ",55,32,23,17
"AL8 7DR",26,11,15,11
"AL8 7DS",38,20,18,13
"AL8 7DW",29,13,16,11
"AL8 7EA",23,12,11,13
"AL8 7EB",16,8,8,4
"AL8 7ED",71,32,39,27
"AL8 7EE",54,28,26,22
"AL8 7EF",57,22,35,29
"AL8 7EG",28,10,18,15
"AL8 7EH",69,34,35,28
"AL8 7EJ",39,16,23,13
"AL8 7EL",17,10,7,6
"AL8 7EN",57,24,33,23
"AL8 7EP",11,4,7,4
"AL8 7EQ",57,24,33,20
"AL8 7EW",73,33,40,25
"AL8 7HA",43,14,29,19
"AL8 7HB",31,19,12,14
"AL8 7HD",55,25,30,27
"AL8 7HE",37,15,22,12
"AL8 7HF",70,32,38,29
"AL8 7HG",38,15,23,19
"AL8 7HH",57,31,26,24
"AL8 7HJ",49,19,30,20
"AL8 7HL",13,5,8,7
"AL8 7HN",19,8,11,8
"AL8 7HP",56,26,30,25
"AL8 7HQ",38,18,20,17
"AL8 7HR",15,4,11,6
"AL8 7HS",4,3,1,2
"AL8 7HT",27,15,12,9
"AL8 7HU",20,9,11,6
"AL8 7HW",52,24,28,21
"AL8 7HX",44,19,25,17
"AL8 7HY",11,5,6,5
"AL8 7HZ",53,31,22,20
"AL8 7JA",42,20,22,17
"AL8 7JB",11,5,6,4
"AL8 7JD",29,18,11,15
"AL8 7JE",91,38,53,42
"AL8 7JP",22,8,14,7
"AL8 7JQ",44,23,21,17
"AL8 7JS",7,3,4,3
"AL8 7JT",40,16,24,12
"AL8 7JU",30,14,16,12
"AL8 7JW",33,14,19,14
"AL8 7JX",22,9,13,9
"AL8 7JY",7,3,4,3
"AL8 7JZ",58,24,34,26
"AL8 7LA",85,42,43,32
"AL8 7LB",21,11,10,8
"AL8 7LD",20,9,11,6
"AL8 7LE",7,3,4,3
"AL8 7LF",55,25,30,23
"AL8 7LG",15,6,9,7
"AL8 7LH",22,11,11,10
"AL8 7LJ",57,29,28,25
"AL8 7LU",7,2,5,2
"AL8 7LX",20,9,11,9
"AL8 7LY",17,8,9,6
"AL8 7LZ",7,4,3,4
"AL8 7NA",30,15,15,16
"AL8 7NB",83,46,37,27
"AL8 7ND",22,13,9,9
"AL8 7NF",37,15,22,16
"AL8 7NG",19,9,10,7
"AL8 7NH",6,2,4,2
"AL8 7NJ",27,12,15,11
"AL8 7NN",9,4,5,4
"AL8 7NQ",65,34,31,21
"AL8 7NR",29,10,19,14
"AL8 7NS",30,16,14,11
"AL8 7NU",21,9,12,9
"AL8 7NW",108,51,57,34
"AL8 7NX",27,14,13,12
"AL8 7PA",40,21,19,18
"AL8 7PB",20,8,12,8
"AL8 7PD",12,6,6,4
"AL8 7PE",12,8,4,4
"AL8 7PF",26,14,12,10
"AL8 7PG",51,22,29,20
"AL8 7PH",13,7,6,6
"AL8 7PJ",76,35,41,26
"AL8 7PL",37,18,19,11
"AL8 7PN",20,12,8,7
"AL8 7PP",6,3,3,3
"AL8 7PQ",65,28,37,27
"AL8 7PR",19,7,12,10
"AL8 7PS",58,31,27,23
"AL8 7PT",18,7,11,8
"AL8 7PU",65,26,39,29
"AL8 7PW",21,11,10,9
"AL8 7PX",83,36,47,33
"AL8 7PY",85,39,46,34
"AL8 7PZ",8,3,5,7
"AL8 7QA",140,72,68,50
"AL8 7QB",101,49,52,45
"AL8 7QG",34,20,14,9
"AL8 7QH",66,34,32,25
"AL8 7QJ",46,25,21,19
"AL8 7QL",38,14,24,14
"AL8 7QN",28,15,13,9
"AL8 7QP",67,30,37,29
"AL8 7QR",28,15,13,11
"AL8 7QS",40,16,24,18
"AL8 7QT",8,5,3,3
"AL8 7QU",75,40,35,25
"AL8 7QW",30,15,15,12
"AL8 7QX",46,25,21,17
"AL8 7QY",47,23,24,15
"AL8 7QZ",96,40,56,38
"AL8 7RA",50,25,25,17
"AL8 7RB",67,27,40,28
"AL8 7RD",66,28,38,26
"AL8 7RE",9,6,3,4
"AL8 7RF",33,12,21,14
"AL8 7RG",32,13,19,11
"AL8 7RH",10,7,3,5
"AL8 7RJ",11,3,8,4
"AL8 7RL",54,27,27,30
"AL8 7RQ",33,17,16,14
"AL8 7RT",32,16,16,13
"AL8 7RU",15,8,7,8
"AL8 7RX",31,12,19,14
"AL8 7RY",5,2,3,2
"AL8 7RZ",36,19,17,11
"AL8 7SB",17,6,11,8
"AL8 7SE",17,10,7,7
"AL8 7SF",25,11,14,10
"AL8 7SG",53,26,27,20
"AL8 7SH",27,15,12,12
"AL8 7SJ",33,17,16,13
"AL8 7SL",23,11,12,8
"AL8 7SN",61,37,24,26
"AL8 7SQ",31,18,13,12
"AL8 7SR",77,20,57,6
"AL8 7ST",64,34,30,32
"AL8 7SU",37,18,19,16
"AL8 7TA",18,10,8,11
"AL8 7TB",4,4,0,1
"AL8 7TD",18,1,17,0
"AL8 7TE",12,7,5,4
"AL8 7TF",2,1,1,1
"AL8 7TG",7,4,3,3
"AL8 7TH",69,32,37,28
"AL8 7TJ",72,41,31,23
"AL8 7TL",71,32,39,29
"AL8 7TN",58,31,27,25
"AL8 7TP",41,19,22,21
"AL8 7TR",31,15,16,14
"AL8 7TS",1,1,0,1
"AL8 7TT",16,8,8,4
"AL8 7TU",56,25,31,23
"AL8 7TX",38,23,15,11
"AL8 7TY",71,39,32,25
"AL8 7XA",5,1,4,2
"AL8 7XB",2,1,1,1
"AL8 7XD",5,2,3,2
"AL8 7XE",46,21,25,17
"AL8 7XG",2,1,1,1
"AL8 7XH",12,9,3,3
"AL9 5AB",2,1,1,1
"AL9 5AD",6,4,2,5
"AL9 5AE",5,4,1,3
"AL9 5AF",5,2,3,3
"AL9 5AH",33,17,16,19
"AL9 5AJ",8,4,4,4
"AL9 5AL",5,5,0,4
"AL9 5AN",20,8,12,11
"AL9 5AP",3,1,2,1
"AL9 5AR",40,11,29,6
"AL9 5AS",21,12,9,10
"AL9 5AT",10,6,4,4
"AL9 5AW",35,19,16,16
"AL9 5AX",5,4,1,3
"AL9 5AY",60,27,33,36
"AL9 5AZ",12,5,7,6
"AL9 5BA",3,2,1,2
"AL9 5BB",15,9,6,13
"AL9 5BD",5,3,2,3
"AL9 5BG",2,1,1,1
"AL9 5BW",29,19,10,19
"AL9 5BX",11,7,4,3
"AL9 5BY",19,9,10,6
"AL9 5BZ",76,38,38,26
"AL9 5DB",12,5,7,4
"AL9 5DE",110,58,52,50
"AL9 5DF",7,2,5,2
"AL9 5DH",18,11,7,7
"AL9 5DJ",15,8,7,6
"AL9 5DL",81,38,43,32
"AL9 5DN",40,21,19,18
"AL9 5DP",67,34,33,24
"AL9 5DQ",72,35,37,32
"AL9 5DR",11,6,5,5
"AL9 5DS",34,19,15,10
"AL9 5DU",10,5,5,5
"AL9 5DW",13,7,6,5
"AL9 5DX",25,14,11,11
"AL9 5DY",30,16,14,10
"AL9 5DZ",18,7,11,10
"AL9 5EA",10,5,5,4
"AL9 5EB",68,37,31,25
"AL9 5ED",52,27,25,16
"AL9 5EF",12,7,5,8
"AL9 5EG",80,50,30,36
"AL9 5EP",12,7,5,7
"AL9 5ES",52,31,21,24
"AL9 5EX",39,18,21,20
"AL9 5EY",43,19,24,20
"AL9 5EZ",14,9,5,6
"AL9 5HA",90,39,51,43
"AL9 5HB",103,49,54,44
"AL9 5HE",51,23,28,22
"AL9 5HF",30,15,15,10
"AL9 5HG",15,9,6,6
"AL9 5HH",33,16,17,12
"AL9 5HJ",10,5,5,4
"AL9 5HL",19,8,11,7
"AL9 5HN",7,4,3,4
"AL9 5HQ",48,20,28,15
"AL9 5HW",28,14,14,11
"AL9 5HX",26,11,15,18
"AL9 5HY",20,9,11,13
"AL9 5HZ",23,13,10,18
"AL9 5JD",15,5,10,6
"AL9 5JE",15,8,7,9
"AL9 5JF",33,16,17,13
"AL9 5JG",20,9,11,11
"AL9 5JN",1,1,0,1
"AL9 5JX",4,2,2,2
"AL9 5LP",13,5,8,7
"AL9 5LR",25,15,10,9
"AL9 5LZ",6,3,3,2
"AL9 5NA",6,3,3,3
"AL9 5NB",7,4,3,3
"AL9 5NE",2,0,2,1
"AL9 5NG",7,3,4,3
"AL9 5NH",6,2,4,4
"AL9 5NJ",10,6,4,3
"AL9 5NL",5,2,3,2
"AL9 5NN",6,4,2,2
"AL9 5NT",2,0,2,2
"AL9 5NU",13,6,7,6
"AL9 5NW",5,2,3,3
"AL9 5NX",18,8,10,6
"AL9 5NY",12,6,6,6
"AL9 5NZ",2,1,1,1
"AL9 5PA",11,3,8,3
"AL9 5PB",3,3,0,3
"AL9 5PD",5,2,3,3
"AL9 5PE",3,2,1,1
"AL9 5PF",2,1,1,1
"AL9 5PG",3,2,1,2
"AL9 5PH",5,3,2,2
"AL9 5PJ",2,1,1,1
"AL9 5PL",2,1,1,1
"AL9 5PQ",13,5,8,5
"AL9 5RE",30,9,21,18
"AL9 5RF",16,7,9,6
"AL9 5RG",7,4,3,3
"AL9 5RL",21,9,12,12
"AL9 5RQ",10,2,8,5
"AL9 5SA",2,1,1,1
"AL9 5SB",2,1,1,1
"AL9 5SD",28,13,15,11
"AL9 5SF",20,11,9,5
"AL9 6AA",6,2,4,2
"AL9 6AB",13,8,5,7
"AL9 6AD",3,2,1,1
"AL9 6AE",8,3,5,2
"AL9 6AF",4,1,3,1
"AL9 6AG",8,3,5,4
"AL9 6AH",2,1,1,1
"AL9 6AJ",13,6,7,6
"AL9 6AL",8,4,4,6
"AL9 6AN",4,3,1,2
"AL9 6AP",14,6,8,5
"AL9 6AQ",1,0,1,1
"AL9 6AR",7,3,4,2
"AL9 6AS",14,5,9,7
"AL9 6AT",21,13,8,8
"AL9 6AU",29,14,15,12
"AL9 6AW",4,2,2,1
"AL9 6AX",10,3,7,3
"AL9 6AY",31,13,18,10
"AL9 6AZ",13,6,7,5
"AL9 6BA",1,1,0,1
"AL9 6DA",30,13,17,9
"AL9 6DD",18,10,8,4
"AL9 6DE",2,1,1,1
"AL9 6DF",6,4,2,3
"AL9 6DG",66,33,33,43
"AL9 6DH",14,6,8,2
"AL9 6DJ",12,7,5,6
"AL9 6DL",6,4,2,1
"AL9 6DN",16,7,9,7
"AL9 6DP",12,4,8,4
"AL9 6DQ",5,3,2,3
"AL9 6DR",3,2,1,1
"AL9 6DS",20,10,10,9
"AL9 6DW",12,6,6,5
"AL9 6DX",5,2,3,2
"AL9 6DZ",4,2,2,2
"AL9 6EA",34,19,15,11
"AL9 6EB",15,8,7,6
"AL9 6EE",11,6,5,4
"AL9 6EF",13,8,5,6
"AL9 6EG",19,9,10,6
"AL9 6EH",2,1,1,1
"AL9 6GH",29,14,15,17
"AL9 6GJ",14,8,6,6
"AL9 6GL",4,3,1,1
"AL9 6GZ",20,10,10,7
"AL9 6HA",2,1,1,1
"AL9 6HB",4,2,2,1
"AL9 6HD",7,4,3,3
"AL9 6HE",2,1,1,2
"AL9 6HG",60,29,31,32
"AL9 6HH",17,8,9,8
"AL9 6HJ",39,19,20,16
"AL9 6HL",2,1,1,1
"AL9 6HP",2,2,0,1
"AL9 6HQ",80,40,40,29
"AL9 6HR",3,3,0,2
"AL9 6HS",13,7,6,7
"AL9 6HT",11,5,6,3
"AL9 6HU",12,6,6,5
"AL9 6HW",45,22,23,19
"AL9 6HY",2,1,1,1
"AL9 6HZ",14,5,9,7
"AL9 6JA",2,1,1,1
"AL9 6JB",18,9,9,7
"AL9 6JD",2,1,1,1
"AL9 6JE",4,2,2,2
"AL9 6JF",8,3,5,3
"AL9 6JG",11,6,5,5
"AL9 6JH",1,1,0,1
"AL9 6JJ",14,6,8,7
"AL9 6JL",4,3,1,1
"AL9 6JN",3,2,1,3
"AL9 6JP",4,2,2,2
"AL9 6JQ",10,6,4,4
"AL9 6JR",13,10,3,10
"AL9 6JS",2,1,1,1
"AL9 6JW",2,1,1,1
"AL9 6JY",12,6,6,4
"AL9 6JZ",17,9,8,5
"AL9 6LA",10,5,5,4
"AL9 6LB",74,38,36,24
"AL9 6NA",4,3,1,1
"AL9 6ND",7,3,4,2
"AL9 6NF",42,25,17,16
"AL9 6NG",49,26,23,18
"AL9 6NH",3,1,2,1
"AL9 6NJ",8,4,4,2
"AL9 6NL",3,1,2,1
"AL9 6NN",1,1,0,0
"AL9 6NP",21,9,12,12
"AL9 6NQ",2,1,1,1
"AL9 6NR",5,4,1,2
"AL9 6NS",224,8,216,6
"AL9 6NW",9,5,4,3
"AL9 6NX",19,9,10,9
"AL9 6NY",10,5,5,3
"AL9 6NZ",16,8,8,5
"AL9 6PR",2,1,1,1
"AL9 6PS",53,27,26,18
"AL9 6PT",55,29,26,19
"AL9 7AA",19,11,8,7
"AL9 7AB",20,9,11,5
"AL9 7AD",14,7,7,7
"AL9 7AE",98,55,43,34
"AL9 7AF",87,40,47,29
"AL9 7AG",40,18,22,13
"AL9 7AH",91,37,54,29
"AL9 7AJ",35,18,17,13
"AL9 7AL",64,31,33,24
"AL9 7AN",81,42,39,27
"AL9 7AQ",35,16,19,14
"AL9 7AT",3,3,0,2
"AL9 7AU",3,2,1,1
"AL9 7AX",9,3,6,5
"AL9 7AY",91,48,43,37
"AL9 7AZ",14,7,7,4
"AL9 7BA",10,4,6,4
"AL9 7BB",4,3,1,2
"AL9 7BD",11,6,5,4
"AL9 7BL",63,29,34,22
"AL9 7BN",4,3,1,1
"AL9 7BP",39,15,24,15
"AL9 7BS",62,31,31,23
"AL9 7BT",59,23,36,19
"AL9 7BU",42,18,24,14
"AL9 7BW",55,32,23,20
"AL9 7BX",43,21,22,16
"AL9 7BY",59,27,32,26
"AL9 7BZ",21,10,11,5
"AL9 7DF",15,7,8,9
"AL9 7DG",12,8,4,9
"AL9 7DH",8,3,5,4
"AL9 7DJ",25,13,12,10
"AL9 7DL",10,5,5,5
"AL9 7DN",49,19,30,25
"AL9 7DQ",24,10,14,12
"AL9 7DR",16,10,6,5
"AL9 7DS",41,20,21,27
"AL9 7DU",15,8,7,8
"AL9 7DW",4,1,3,3
"AL9 7DY",65,43,22,26
"AL9 7DZ",60,25,35,27
"AL9 7EA",72,33,39,31
"AL9 7EB",76,33,43,38
"AL9 7ED",60,26,34,31
"AL9 7EE",4,2,2,2
"AL9 7EF",47,23,24,23
"AL9 7EL",76,33,43,41
"AL9 7EN",3,1,2,1
"AL9 7EW",20,12,8,8
"AL9 7HJ",26,6,20,25
"AL9 7HN",1,1,0,1
"AL9 7HR",5,1,4,4
"AL9 7HT",6,5,1,2
"AL9 7HX",5,3,2,2
"AL9 7HZ",54,26,28,40
"AL9 7LA",2,1,1,1
"AL9 7LE",24,12,12,9
"AL9 7LF",52,21,31,23
"AL9 7LG",21,11,10,10
"AL9 7LH",23,12,11,14
"AL9 7LJ",62,28,34,30
"AL9 7LL",2,1,1,2
"AL9 7LN",29,15,14,12
"AL9 7LP",76,47,29,27
"AL9 7LQ",2,1,1,1
"AL9 7LR",40,20,20,15
"AL9 7LS",25,9,16,17
"AL9 7LT",16,9,7,7
"AL9 7LU",65,35,30,24
"AL9 7LW",126,63,63,51
"AL9 7LY",17,9,8,8
"AL9 7LZ",44,23,21,19
"AL9 7NA",45,19,26,18
"AL9 7NB",20,9,11,8
"AL9 7ND",89,45,44,35
"AL9 7NE",47,19,28,15
"AL9 7NF",52,21,31,23
"AL9 7NG",51,24,27,20
"AL9 7NH",47,28,19,29
"AL9 7NJ",85,42,43,53
"AL9 7NL",5,3,2,2
"AL9 7NN",94,46,48,63
"AL9 7NP",53,25,28,17
"AL9 7NR",78,37,41,29
"AL9 7NS",42,23,19,15
"AL9 7NU",52,26,26,20
"AL9 7NW",43,22,21,19
"AL9 7NX",3,2,1,1
"AL9 7NY",34,16,18,15
"AL9 7NZ",38,19,19,16
"AL9 7PA",41,24,17,20
"AL9 7PB",52,24,28,22
"AL9 7PD",5,2,3,2
"AL9 7PE",2,1,1,1
"AL9 7PF",28,17,11,11
"AL9 7PG",32,16,16,11
"AL9 7PH",19,9,10,11
"AL9 7PJ",5,3,2,3
"AL9 7PL",3,2,1,2
"AL9 7PN",15,9,6,7
"AL9 7PP",41,15,26,18
"AL9 7PQ",13,5,8,7
"AL9 7PR",48,21,27,17
"AL9 7PS",52,27,25,22
"AL9 7PT",81,37,44,27
"AL9 7PU",30,13,17,15
"AL9 7PW",5,1,4,2
"AL9 7PX",69,33,36,20
"AL9 7PY",53,26,27,21
"AL9 7PZ",21,10,11,9
"AL9 7QA",8,4,4,7
"AL9 7QG",68,32,36,25
"AL9 7QH",64,28,36,26
"AL9 7QJ",81,42,39,25
"AL9 7QN",17,10,7,5
"AL9 7QQ",68,32,36,24
"AL9 7QR",26,16,10,12
"AL9 7QS",17,10,7,10
"AL9 7QT",36,19,17,15
"AL9 7QW",23,13,10,11
"AL9 7QX",81,37,44,30
"AL9 7QY",76,35,41,25
"AL9 7QZ",7,4,3,3
"AL9 7RL",61,30,31,22
"AL9 7RN",79,41,38,26
"AL9 7RP",47,24,23,18
"AL9 7RR",15,6,9,8
"AL9 7RS",12,5,7,8
"AL9 7RT",46,25,21,19
"AL9 7RU",97,50,47,33
"AL9 7RW",76,33,43,25
"AL9 7RX",76,38,38,23
"AL9 7RY",30,11,19,14
"AL9 7RZ",33,11,22,13
"AL9 7SA",49,26,23,17
"AL9 7SB",32,13,19,11
"AL9 7SE",1,1,0,1
"AL9 7SL",23,12,11,12
"AL9 7ST",22,12,10,13
"AL9 7SU",30,16,14,19
"AL9 7SW",8,4,4,2
"AL9 7SX",3,1,2,2
"AL9 7SZ",8,2,6,3
"AL9 7TA",94,14,80,0
"AL9 7TB",36,14,22,14
"AL9 7TD",39,23,16,14
"AL9 7TE",2,2,0,2
"AL9 7TF",33,21,12,15
"AL9 7TG",36,14,22,11
"AL9 7TH",4,1,3,1
"AL9 7TJ",5,3,2,4
"AL9 7TL",7,1,6,4
"AL9 7TN",11,7,4,4
"AL9 7TP",28,13,15,10
"AL9 7TT",72,34,38,27
"AL9 7TU",7,4,3,2
"AL9 7TW",6,4,2,2
"AL9 7TX",15,9,6,5
"AL9 7TY",21,13,8,11
"AL9 7UG",83,36,47,37
"AL9 7UH",79,36,43,33
"AL9 7UJ",54,26,28,27
"AL9 7UL",107,50,57,40
"AL9 7UN",16,8,8,7
"AL9 7UP",17,7,10,8
"AL9 7UQ",67,34,33,31
"AL9 7UR",95,53,42,34
"AL9 7UT",88,38,50,33
"AL9 7UU",102,50,52,34
"AL9 7UW",103,52,51,34
"AL9 7UX",27,12,15,10
"AL9 7YZ",12,6,6,8
"B1  1BA",114,77,37,64
"B1  1BD",1,1,0,1
"B1  1BE",1,1,0,1
"B1  1BN",7,5,2,3
"B1  1BT",1,1,0,1
"B1  1BY",110,69,41,67
"B1  1DH",126,83,43,83
"B1  1DR",4,3,1,2
"B1  1DW",25,14,11,14
"B1  1HN",6,5,1,3
"B1  1JG",6,5,1,3
"B1  1JL",1,1,0,1
"B1  1JW",142,76,66,80
"B1  1JX",139,77,62,83
"B1  1JY",141,81,60,87
"B1  1LA",141,85,56,81
"B1  1LJ",110,64,46,71
"B1  1LP",82,39,43,56
"B1  1LS",88,56,32,58
"B1  1LW",78,49,29,51
"B1  1LY",92,51,41,51
"B1  1NB",1,1,0,1
"B1  1NH",1,1,0,1
"B1  1NN",86,53,33,58
"B1  1NS",1,1,0,1
"B1  1NX",3,2,1,1
"B1  1PP",34,19,15,25
"B1  1PQ",10,6,4,6
"B1  1PU",7,6,1,6
"B1  1PW",83,51,32,57
"B1  1QD",1,1,0,1
"B1  1QG",25,14,11,20
"B1  1QH",22,16,6,14
"B1  1QL",2,1,1,1
"B1  1QP",6,6,0,5
"B1  1RB",104,66,38,62
"B1  1RD",6,4,2,3
"B1  1RE",1,0,1,1
"B1  1RG",82,47,35,51
"B1  1RH",147,85,62,88
"B1  1RQ",1,1,0,1
"B1  1RR",37,26,11,23
"B1  1RY",21,14,7,13
"B1  1SA",8,4,4,3
"B1  1SB",699,236,463,2
"B1  1SJ",1,1,0,1
"B1  1SL",17,8,9,9
"B1  1SN",24,17,7,16
"B1  1SR",51,30,21,29
"B1  1SW",21,10,11,13
"B1  1SY",26,13,13,22
"B1  1SZ",43,22,21,26
"B1  1TB",160,87,73,94
"B1  1TH",147,87,60,87
"B1  1TS",146,84,62,90
"B1  1TW",109,60,49,64
"B1  1TX",28,18,10,18
"B1  1UB",73,48,25,59
"B1  1UD",80,65,15,61
"B1  1UE",87,62,25,61
"B1  1UF",74,61,13,55
"B1  1UG",72,51,21,57
"B1  1UH",92,64,28,64
"B1  1UJ",71,50,21,53
"B1  1UQ",82,61,21,61
"B1  2AF",123,65,58,76
"B1  2AH",42,21,21,25
"B1  2AJ",15,9,6,9
"B1  2AN",3,2,1,2
"B1  2DS",7,4,3,1
"B1  2EJ",81,51,30,46
"B1  2EL",78,42,36,40
"B1  2HJ",1,1,0,1
"B1  2JR",75,48,27,51
"B1  2JT",15,8,7,8
"B1  2JX",73,40,33,43
"B1  2LB",78,43,35,47
"B1  2LF",34,21,13,20
"B1  2LJ",272,163,109,166
"B1  2LL",21,15,6,13
"B1  2NB",204,84,120,0
"B1  2NH",89,51,38,58
"B1  2NJ",92,63,29,61
"B1  2NN",88,58,30,57
"B1  2NP",2,2,0,2
"B1  2NT",20,15,5,9
"B1  2NU",19,12,7,8
"B1  2NW",86,53,33,56
"B1  2PJ",4,2,2,2
"B1  2PL",86,40,46,41
"B1  2PN",64,37,27,39
"B1  2PP",65,34,31,29
"B1  2PR",37,21,16,12
"B1  2PS",123,61,62,40
"B1  2PT",25,11,14,13
"B1  2PU",67,27,40,25
"B1  2PW",67,38,29,42
"B1  2PX",91,40,51,31
"B1  2PY",109,62,47,36
"B1  2QA",46,21,25,18
"B1  2QB",85,33,52,33
"B1  2QD",31,17,14,19
"B1  2QL",13,9,4,8
"B1  2QQ",9,0,9,2
"B1  2RQ",2,2,0,1
"B1  2RR",16,8,8,9
"B1  2RT",96,55,41,52
"B1  2RU",44,31,13,24
"B1  2RX",33,20,13,20
"B1  2SL",52,25,27,29
"B1  2SN",47,31,16,27
"B1  2SS",36,21,15,13
"B1  2ST",29,15,14,9
"B1  2UH",44,20,24,17
"B1  2UJ",90,52,38,56
"B1  2UL",97,63,34,57
"B1  3AA",26,16,10,13
"B1  3AG",3,2,1,2
"B1  3AJ",68,40,28,42
"B1  3AP",65,39,26,37
"B1  3AQ",94,62,32,57
"B1  3AS",6,3,3,3
"B1  3DB",121,70,51,76
"B1  3DD",57,35,22,36
"B1  3DH",42,21,21,30
"B1  3EA",16,12,4,8
"B1  3EE",32,20,12,18
"B1  3EG",29,15,14,18
"B1  3EL",71,35,36,41
"B1  3EN",1,1,0,1
"B1  3EP",5,5,0,3
"B1  3ES",101,50,51,61
"B1  3HE",4,3,1,4
"B1  3HN",2,2,0,1
"B1  3HS",2,2,0,1
"B1  3JA",100,60,40,54
"B1  3JG",37,26,11,23
"B1  3JH",4,3,1,2
"B1  3JN",55,33,22,36
"B1  3JP",51,33,18,27
"B1  3JR",131,81,50,78
"B1  3LD",18,13,5,13
"B1  3ND",7,5,2,4
"B1  3NJ",1,0,1,1
"B1  3NU",3,3,0,1
"B1  3PA",3,2,1,2
"B1  3PE",10,5,5,5
"B1  3QQ",89,57,32,68
"B1  3RB",27,10,17,12
"B10 0AL",62,23,39,20
"B10 0AU",56,39,17,32
"B10 0AX",9,5,4,4
"B10 0BA",15,10,5,7
"B10 0BB",49,26,23,17
"B10 0BD",46,21,25,18
"B10 0BE",144,79,65,40
"B10 0BG",25,15,10,15
"B10 0BH",23,10,13,13
"B10 0BJ",97,45,52,28
"B10 0BL",73,35,38,19
"B10 0BN",156,70,86,44
"B10 0BP",38,18,20,11
"B10 0BS",92,46,46,37
"B10 0BU",30,19,11,23
"B10 0BX",30,17,13,13
"B10 0BY",29,17,12,22
"B10 0BZ",16,12,4,12
"B10 0DB",34,16,18,19
"B10 0DE",150,66,84,43
"B10 0DF",50,20,30,25
"B10 0DG",6,3,3,5
"B10 0DP",9,4,5,8
"B10 0DX",2,1,1,1
"B10 0DY",31,17,14,12
"B10 0DZ",23,15,8,12
"B10 0EA",22,12,10,7
"B10 0EB",72,42,30,26
"B10 0ED",93,50,43,24
"B10 0EE",86,53,33,42
"B10 0EF",80,48,32,19
"B10 0EG",53,27,26,13
"B10 0EH",167,76,91,34
"B10 0EN",102,50,52,27
"B10 0EP",64,30,34,16
"B10 0EQ",131,67,64,26
"B10 0ER",24,12,12,8
"B10 0EW",34,18,16,11
"B10 0EX",121,63,58,31
"B10 0HA",121,65,56,29
"B10 0HB",85,46,39,32
"B10 0HT",2,2,0,2
"B10 0HU",98,61,37,29
"B10 0HX",177,93,84,46
"B10 0HY",145,65,80,44
"B10 0HZ",119,70,49,37
"B10 0JA",167,83,84,48
"B10 0JB",192,87,105,51
"B10 0JD",52,25,27,14
"B10 0JE",215,101,114,57
"B10 0JF",152,81,71,36
"B10 0JG",180,82,98,47
"B10 0JH",148,82,66,32
"B10 0JJ",182,96,86,46
"B10 0JL",85,42,43,25
"B10 0JQ",128,69,59,37
"B10 0JS",19,12,7,5
"B10 0JT",83,41,42,13
"B10 0JU",85,43,42,20
"B10 0JX",28,14,14,9
"B10 0JY",50,29,21,14
"B10 0JZ",69,28,41,24
"B10 0LA",27,12,15,10
"B10 0LB",12,6,6,4
"B10 0LD",89,44,45,35
"B10 0LE",39,21,18,8
"B10 0LF",39,19,20,31
"B10 0LG",92,53,39,20
"B10 0LH",90,47,43,28
"B10 0LJ",43,30,13,25
"B10 0LL",8,4,4,2
"B10 0LP",12,7,5,5
"B10 0NJ",63,35,28,18
"B10 0NL",50,23,27,15
"B10 0NN",4,3,1,3
"B10 0NP",223,109,114,48
"B10 0NR",13,9,4,6
"B10 0NY",88,58,30,62
"B10 0NZ",80,48,32,59
"B10 0PB",9,5,4,5
"B10 0PD",2,1,1,2
"B10 0PG",3,3,0,0
"B10 0PJ",17,6,11,8
"B10 0PL",9,5,4,2
"B10 0PQ",3,1,2,1
"B10 0QA",58,28,30,18
"B10 0QH",70,43,27,57
"B10 0QJ",4,2,2,1
"B10 0QS",41,17,24,34
"B10 0QT",134,68,66,39
"B10 0RH",21,18,3,19
"B10 0RL",96,50,46,34
"B10 0RX",5,2,3,2
"B10 0SE",64,36,28,24
"B10 0SN",1,1,0,1
"B10 0SP",2,1,1,1
"B10 0SS",117,59,58,31
"B10 0ST",63,33,30,18
"B10 0SU",18,9,9,6
"B10 0SX",84,42,42,32
"B10 0TA",70,35,35,20
"B10 0TB",141,69,72,31
"B10 0TD",135,68,67,38
"B10 0TG",206,114,92,47
"B10 0TJ",6,6,0,2
"B10 0TL",168,82,86,40
"B10 0TN",130,78,52,39
"B10 0TP",81,38,43,24
"B10 0TT",1,1,0,1
"B10 0TU",54,32,22,20
"B10 0TX",51,22,29,25
"B10 0TY",64,28,36,16
"B10 0TZ",121,58,63,31
"B10 0UA",4,1,3,1
"B10 0UF",11,6,5,4
"B10 0UN",64,34,30,20
"B10 0US",23,19,4,9
"B10 0UT",41,33,8,17
"B10 0UU",45,23,22,13
"B10 0XE",15,11,4,8
"B10 9AA",125,72,53,24
"B10 9AB",47,24,23,9
"B10 9AD",65,30,35,14
"B10 9AE",169,80,89,40
"B10 9AF",159,71,88,31
"B10 9AG",139,65,74,29
"B10 9AH",147,67,80,41
"B10 9AJ",135,69,66,47
"B10 9AL",153,80,73,39
"B10 9AN",45,28,17,10
"B10 9AP",137,68,69,30
"B10 9AQ",132,66,66,30
"B10 9AR",200,110,90,35
"B10 9AY",51,36,15,31
"B10 9AZ",50,25,25,16
"B10 9BB",184,89,95,48
"B10 9BD",192,84,108,47
"B10 9BE",168,78,90,41
"B10 9BG",139,71,68,34
"B10 9BH",54,28,26,17
"B10 9BJ",110,59,51,29
"B10 9BL",111,58,53,30
"B10 9BN",74,43,31,22
"B10 9BP",101,53,48,25
"B10 9BQ",23,10,13,6
"B10 9BS",86,44,42,27
"B10 9BT",84,43,41,22
"B10 9BU",167,81,86,38
"B10 9BX",26,10,16,5
"B10 9DD",95,44,51,17
"B10 9DE",111,45,66,29
"B10 9DF",126,65,61,26
"B10 9DG",158,78,80,40
"B10 9DH",114,55,59,26
"B10 9DJ",159,82,77,38
"B10 9DL",77,35,42,18
"B10 9DN",240,118,122,60
"B10 9DP",45,20,25,13
"B10 9DQ",132,62,70,30
"B10 9DR",129,61,68,32
"B10 9DS",167,91,76,43
"B10 9DT",52,26,26,15
"B10 9DU",51,30,21,14
"B10 9DW",197,93,104,51
"B10 9DX",30,15,15,10
"B10 9EA",21,8,13,5
"B10 9EB",15,8,7,5
"B10 9EH",75,31,44,16
"B10 9EJ",56,31,25,15
"B10 9EL",139,60,79,36
"B10 9EN",109,55,54,24
"B10 9EP",85,36,49,19
"B10 9EQ",60,26,34,14
"B10 9ER",192,89,103,44
"B10 9ES",133,70,63,30
"B10 9ET",55,29,26,18
"B10 9EU",148,72,76,36
"B10 9EX",83,37,46,17
"B10 9EY",149,75,74,25
"B10 9HA",81,40,41,19
"B10 9HB",127,57,70,30
"B10 9HD",163,78,85,36
"B10 9HH",102,60,42,30
"B10 9HJ",22,17,5,9
"B10 9HL",20,11,9,4
"B10 9HN",149,64,85,43
"B10 9HP",124,62,62,40
"B10 9HR",122,64,58,47
"B10 9HT",32,15,17,8
"B10 9HU",171,81,90,39
"B10 9HX",83,42,41,24
"B10 9HY",59,29,30,21
"B10 9JA",52,25,27,16
"B10 9JB",103,52,51,32
"B10 9JD",93,46,47,31
"B10 9JE",146,73,73,43
"B10 9JF",153,72,81,42
"B10 9JG",21,9,12,5
"B10 9JH",24,11,13,0
"B10 9JP",146,73,73,40
"B10 9JQ",60,28,32,15
"B10 9JS",164,76,88,41
"B10 9JT",140,78,62,43
"B10 9JU",148,78,70,43
"B10 9JX",136,62,74,41
"B10 9JY",204,94,110,49
"B10 9LA",42,22,20,12
"B10 9LB",31,19,12,11
"B10 9LD",26,11,15,8
"B10 9LE",155,72,83,42
"B10 9LG",15,8,7,4
"B10 9LH",28,15,13,7
"B10 9LJ",112,60,52,35
"B10 9LL",141,70,71,33
"B10 9LN",203,103,100,53
"B10 9LP",136,68,68,38
"B10 9LR",90,39,51,25
"B10 9LS",136,71,65,40
"B10 9LZ",86,40,46,18
"B10 9NA",225,107,118,55
"B10 9NB",24,11,13,8
"B10 9ND",170,90,80,42
"B10 9NE",220,119,101,47
"B10 9NG",149,79,70,38
"B10 9NH",230,120,110,54
"B10 9NJ",83,43,40,27
"B10 9NL",140,73,67,37
"B10 9NN",135,67,68,30
"B10 9NP",114,62,52,23
"B10 9NR",113,57,56,27
"B10 9NW",152,78,74,30
"B10 9NY",150,72,78,32
"B10 9PA",184,88,96,47
"B10 9PB",103,43,60,19
"B10 9PD",221,104,117,49
"B10 9PE",140,62,78,38
"B10 9PF",23,11,12,4
"B10 9PG",118,60,58,30
"B10 9PH",100,52,48,24
"B10 9PJ",128,61,67,32
"B10 9PL",134,79,55,34
"B10 9PN",109,58,51,29
"B10 9PP",167,92,75,34
"B10 9PR",128,68,60,27
"B10 9PS",144,71,73,34
"B10 9PT",212,103,109,56
"B10 9PU",118,61,57,27
"B10 9PW",118,55,63,25
"B10 9PX",156,76,80,33
"B10 9PY",171,83,88,40
"B10 9PZ",132,72,60,29
"B10 9QE",20,12,8,7
"B10 9QF",38,18,20,12
"B10 9QJ",101,48,53,32
"B10 9QL",69,36,33,19
"B10 9QN",42,23,19,19
"B10 9QP",25,17,8,10
"B10 9QR",4,3,1,2
"B10 9QS",64,29,35,16
"B10 9QT",69,33,36,16
"B10 9QZ",76,33,43,20
"B10 9RA",156,81,75,33
"B10 9RB",161,81,80,27
"B10 9RD",233,114,119,75
"B10 9RE",139,74,65,28
"B10 9RF",137,62,75,26
"B10 9RJ",31,16,15,9
"B10 9RP",11,4,7,7
"B10 9RR",53,28,25,19
"B10 9RS",11,7,4,2
"B10 9RW",29,17,12,8
"B10 9RX",7,5,2,3
"B10 9SA",25,13,12,11
"B10 9SJ",39,26,13,12
"B10 9SL",5,4,1,2
"B10 9SN",44,24,20,14
"B10 9SP",48,29,19,17
"B10 9ST",25,13,12,6
"B10 9TA",178,82,96,46
"B10 9TB",154,77,77,42
"B10 9TD",168,87,81,40
"B10 9TE",172,79,93,45
"B10 9TG",162,81,81,38
"B10 9TH",78,38,40,22
"B10 9TJ",147,60,87,34
"B10 9TQ",100,48,52,27
"B11 1AA",33,14,19,7
"B11 1AB",47,26,21,15
"B11 1AD",128,80,48,71
"B11 1AG",43,38,5,12
"B11 1AJ",5,2,3,1
"B11 1AN",47,35,12,29
"B11 1AR",10,10,0,2
"B11 1DU",1,1,0,1
"B11 1DW",32,17,15,7
"B11 1ED",100,52,48,39
"B11 1EH",129,59,70,35
"B11 1EL",37,17,20,12
"B11 1EN",102,58,44,30
"B11 1EQ",62,32,30,26
"B11 1ER",93,50,43,29
"B11 1HA",43,21,22,14
"B11 1HB",109,52,57,32
"B11 1HH",212,111,101,56
"B11 1HJ",45,24,21,10
"B11 1HL",118,56,62,34
"B11 1HN",16,5,11,6
"B11 1HU",20,9,11,13
"B11 1HW",11,5,6,4
"B11 1JA",44,24,20,12
"B11 1JJ",76,35,41,26
"B11 1JL",97,50,47,24
"B11 1JP",3,1,2,2
"B11 1JR",11,6,5,8
"B11 1JT",29,14,15,8
"B11 1JX",106,48,58,33
"B11 1JY",51,25,26,12
"B11 1JZ",9,6,3,4
"B11 1LA",153,80,73,53
"B11 1LB",103,69,34,35
"B11 1LF",2,1,1,1
"B11 1LH",119,53,66,24
"B11 1LJ",27,14,13,6
"B11 1LL",139,62,77,34
"B11 1LN",119,65,54,26
"B11 1LP",123,61,62,31
"B11 1LR",29,12,17,10
"B11 1LS",41,22,19,13
"B11 1LT",102,61,41,32
"B11 1LU",78,43,35,29
"B11 1LW",158,90,68,45
"B11 1LX",116,68,48,39
"B11 1LY",123,63,60,25
"B11 1LZ",159,84,75,40
"B11 1NA",124,68,56,29
"B11 1NB",177,92,85,45
"B11 1ND",52,28,24,19
"B11 1NE",166,84,82,32
"B11 1NF",90,49,41,41
"B11 1NL",30,17,13,7
"B11 1NP",102,55,47,20
"B11 1NQ",125,60,65,34
"B11 1NR",68,38,30,14
"B11 1NS",130,80,50,29
"B11 1NU",181,92,89,47
"B11 1NW",34,16,18,11
"B11 1NX",101,52,49,24
"B11 1NY",36,19,17,8
"B11 1PA",94,41,53,23
"B11 1PB",40,20,20,14
"B11 1PD",72,41,31,15
"B11 1PE",123,59,64,26
"B11 1PF",117,59,58,24
"B11 1PG",38,18,20,8
"B11 1PH",172,90,82,42
"B11 1PJ",18,7,11,4
"B11 1PN",167,71,96,44
"B11 1PP",156,88,68,39
"B11 1PQ",3,2,1,1
"B11 1PR",26,18,8,4
"B11 1PS",226,102,124,55
"B11 1PT",13,8,5,4
"B11 1PU",82,42,40,19
"B11 1PX",93,48,45,20
"B11 1PY",249,113,136,55
"B11 1QA",86,41,45,15
"B11 1QB",121,59,62,22
"B11 1QD",97,46,51,19
"B11 1QE",35,16,19,10
"B11 1QG",67,31,36,19
"B11 1QJ",190,82,108,63
"B11 1QL",104,48,56,21
"B11 1QN",36,13,23,8
"B11 1QW",38,17,21,5
"B11 1QX",8,5,3,1
"B11 1RB",29,21,8,10
"B11 1RD",19,14,5,10
"B11 1RE",7,4,3,1
"B11 1RH",78,40,38,18
"B11 1RL",92,47,45,27
"B11 1RN",57,26,31,15
"B11 1RR",43,15,28,15
"B11 1RS",42,22,20,12
"B11 1RU",43,24,19,9
"B11 1RW",224,115,109,56
"B11 1RX",60,31,29,18
"B11 1SA",69,38,31,33
"B11 1SB",86,59,27,25
"B11 1SD",14,10,4,6
"B11 1SE",54,26,28,19
"B11 1SG",43,22,21,20
"B11 1SH",79,36,43,28
"B11 1SJ",20,8,12,10
"B11 1SP",23,12,11,9
"B11 1SR",30,11,19,11
"B11 1SS",47,28,19,18
"B11 1ST",75,35,40,31
"B11 1SU",33,14,19,12
"B11 1TH",254,114,140,60
"B11 1TJ",33,16,17,9
"B11 1TL",193,112,81,45
"B11 1TN",122,65,57,31
"B11 1TS",185,81,104,38
"B11 1TT",125,62,63,30
"B11 1TU",208,105,103,49
"B11 1TX",49,26,23,14
"B11 1TY",202,103,99,50
"B11 1TZ",185,102,83,46
"B11 1UA",91,44,47,25
"B11 1UB",106,59,47,24
"B11 1UD",5,2,3,1
"B11 1UE",256,130,126,55
"B11 1UG",92,40,52,20
"B11 1UH",96,46,50,22
"B11 1UJ",37,25,12,11
"B11 1UL",41,25,16,12
"B11 1UR",74,36,38,20
"B11 1US",68,44,24,24
"B11 1UW",52,30,22,17
"B11 1UX",132,67,65,35
"B11 1UY",130,58,72,35
"B11 1XA",34,19,15,9
"B11 1XB",108,49,59,31
"B11 1XD",26,11,15,11
"B11 1XE",21,8,13,6
"B11 1XF",72,38,34,23
"B11 1XG",24,9,15,9
"B11 1XH",87,45,42,26
"B11 1XQ",111,60,51,43
"B11 1YA",34,15,19,15
"B11 1ZZ",10,5,5,4
"B11 2AD",6,4,2,3
"B11 2AP",8,5,3,3
"B11 2BL",18,7,11,6
"B11 2BU",113,61,52,43
"B11 2BX",172,85,87,58
"B11 2DB",69,35,34,27
"B11 2DT",15,9,6,6
"B11 2EB",44,20,24,20
"B11 2ED",85,43,42,32
"B11 2EG",66,33,33,20
"B11 2EL",33,16,17,21
"B11 2ER",34,22,12,18
"B11 2EU",9,6,3,6
"B11 2EX",53,25,28,19
"B11 2EZ",55,21,34,25
"B11 2FD",4,1,3,3
"B11 2HA",71,34,37,35
"B11 2HG",30,17,13,17
"B11 2HJ",7,2,5,2
"B11 2HP",75,39,36,20
"B11 2HR",120,62,58,45
"B11 2HT",193,99,94,62
"B11 2HU",133,59,74,46
"B11 2HX",10,6,4,4
"B11 2JA",68,32,36,23
"B11 2JB",126,51,75,42
"B11 2JD",52,25,27,18
"B11 2JE",97,42,55,34
"B11 2JH",138,73,65,57
"B11 2JL",61,30,31,26
"B11 2JN",28,13,15,10
"B11 2JP",136,73,63,46
"B11 2JR",24,13,11,9
"B11 2LS",19,10,9,10
"B11 2NA",142,64,78,44
"B11 2NB",105,58,47,30
"B11 2ND",24,12,12,11
"B11 2NE",168,75,93,52
"B11 2NG",199,95,104,61
"B11 2NJ",74,41,33,21
"B11 2NN",42,24,18,17
"B11 2NR",57,36,21,25
"B11 2NS",42,20,22,12
"B11 2NT",84,46,38,26
"B11 2NU",26,15,11,7
"B11 2NZ",94,48,46,19
"B11 2PH",32,18,14,10
"B11 2PJ",1,1,0,1
"B11 2PY",19,9,10,6
"B11 2QA",160,78,82,43
"B11 2QB",40,18,22,12
"B11 2QD",111,53,58,36
"B11 2QE",93,52,41,18
"B11 2QG",21,12,9,9
"B11 2QJ",29,13,16,8
"B11 2QL",193,92,101,53
"B11 2QN",5,3,2,1
"B11 2QQ",22,16,6,6
"B11 3AA",26,16,10,15
"B11 3AD",135,69,66,44
"B11 3AE",119,68,51,33
"B11 3AF",156,76,80,50
"B11 3AG",156,85,71,50
"B11 3AH",5,2,3,1
"B11 3AJ",187,81,106,54
"B11 3AL",173,78,95,55
"B11 3AN",169,87,82,55
"B11 3AP",99,55,44,35
"B11 3AR",63,34,29,19
"B11 3AW",171,84,87,56
"B11 3AX",153,75,78,54
"B11 3AY",267,143,124,54
"B11 3AZ",181,93,88,46
"B11 3BA",178,79,99,50
"B11 3BB",168,85,83,49
"B11 3BD",62,34,28,17
"B11 3BH",213,105,108,58
"B11 3BJ",237,104,133,66
"B11 3BL",42,21,21,16
"B11 3BN",182,82,100,51
"B11 3BP",53,26,27,17
"B11 3BS",114,56,58,29
"B11 3BT",99,46,53,29
"B11 3BU",118,57,61,30
"B11 3BW",178,88,90,49
"B11 3BX",111,52,59,29
"B11 3BY",22,10,12,9
"B11 3DD",106,50,56,32
"B11 3DE",102,56,46,32
"B11 3DF",103,55,48,30
"B11 3DG",108,52,56,28
"B11 3DL",87,36,51,34
"B11 3DT",109,56,53,36
"B11 3DU",84,39,45,30
"B11 3DW",31,16,15,26
"B11 3DY",96,51,45,28
"B11 3DZ",103,51,52,30
"B11 3EA",24,13,11,8
"B11 3EB",114,59,55,36
"B11 3ED",88,53,35,36
"B11 3EE",77,33,44,24
"B11 3EF",93,50,43,30
"B11 3EH",173,77,96,55
"B11 3EJ",126,66,60,50
"B11 3EL",46,16,30,19
"B11 3EN",66,32,34,29
"B11 3EP",85,35,50,29
"B11 3ER",13,8,5,3
"B11 3EU",49,26,23,21
"B11 3EW",82,40,42,31
"B11 3EX",90,48,42,34
"B11 3EY",3,2,1,1
"B11 3FD",24,11,13,6
"B11 3FG",6,2,4,4
"B11 3FJ",182,94,88,58
"B11 3FL",74,34,40,17
"B11 3FN",1,1,0,1
"B11 3FP",13,6,7,6
"B11 3FQ",8,4,4,3
"B11 3FR",4,0,4,3
"B11 3HB",251,131,120,86
"B11 3HD",39,18,21,14
"B11 3HE",69,33,36,25
"B11 3HG",71,37,34,23
"B11 3HH",36,16,20,10
"B11 3HJ",99,53,46,26
"B11 3HL",50,19,31,15
"B11 3HN",32,20,12,12
"B11 3HP",82,41,41,31
"B11 3HR",124,48,76,36
"B11 3HS",83,44,39,29
"B11 3HT",30,16,14,12
"B11 3HU",13,6,7,3
"B11 3HY",80,36,44,20
"B11 3JA",186,94,92,52
"B11 3JB",53,29,24,20
"B11 3JD",119,67,52,32
"B11 3JH",244,130,114,52
"B11 3JJ",68,35,33,15
"B11 3JN",128,65,63,29
"B11 3JS",41,21,20,9
"B11 3JT",134,69,65,33
"B11 3JU",102,49,53,23
"B11 3JX",146,79,67,33
"B11 3JY",115,52,63,30
"B11 3LB",27,14,13,11
"B11 3LD",196,109,87,48
"B11 3LE",196,98,98,42
"B11 3LG",130,66,64,41
"B11 3LH",166,86,80,44
"B11 3LJ",153,77,76,46
"B11 3LL",205,100,105,60
"B11 3LQ",145,81,64,46
"B11 3LR",128,69,59,38
"B11 3LS",142,66,76,38
"B11 3LT",113,53,60,33
"B11 3LU",169,86,83,53
"B11 3LX",47,20,27,13
"B11 3LZ",125,57,68,32
"B11 3NB",81,45,36,28
"B11 3NL",116,60,56,28
"B11 3NN",26,13,13,11
"B11 3NP",161,72,89,49
"B11 3NQ",26,9,17,13
"B11 3NR",75,37,38,23
"B11 3NS",238,123,115,53
"B11 3NY",59,28,31,19
"B11 3NZ",50,22,28,13
"B11 3PA",118,67,51,43
"B11 3PB",99,56,43,30
"B11 3PD",41,19,22,16
"B11 3PE",26,13,13,8
"B11 3PG",142,69,73,50
"B11 3PH",60,31,29,27
"B11 3PJ",56,21,35,22
"B11 3PL",172,73,99,60
"B11 3PN",63,27,36,22
"B11 3PP",47,22,25,15
"B11 3PQ",107,42,65,38
"B11 3PR",112,55,57,44
"B11 3PS",104,55,49,35
"B11 3PT",61,22,39,23
"B11 3QA",48,20,28,18
"B11 3QB",94,45,49,37
"B11 3QG",142,64,78,43
"B11 3QH",31,17,14,11
"B11 3QJ",106,49,57,33
"B11 3QL",103,44,59,42
"B11 3QN",136,65,71,48
"B11 3QP",88,43,45,27
"B11 3QR",88,45,43,33
"B11 3QS",25,12,13,8
"B11 3QT",57,30,27,21
"B11 3QU",45,19,26,12
"B11 3QX",115,54,61,36
"B11 3QY",65,29,36,23
"B11 3QZ",46,27,19,14
"B11 3RA",122,68,54,41
"B11 3RB",101,46,55,36
"B11 3RD",51,25,26,14
"B11 3RG",159,93,66,40
"B11 3RH",109,50,59,27
"B11 3RJ",176,91,85,65
"B11 3RL",130,67,63,57
"B11 3RP",36,19,17,12
"B11 3RQ",88,43,45,32
"B11 3RR",45,23,22,17
"B11 3RU",107,59,48,37
"B11 3RX",150,72,78,51
"B11 3SA",145,67,78,58
"B11 3SB",192,101,91,66
"B11 3SG",12,9,3,3
"B11 3SH",254,137,117,70
"B11 3SJ",39,21,18,12
"B11 3SL",137,69,68,33
"B11 3SN",132,75,57,25
"B11 3SQ",150,77,73,45
"B11 3SW",187,96,91,42
"B11 4AA",9,9,0,4
"B11 4AB",22,11,11,7
"B11 4AD",33,19,14,8
"B11 4AE",18,15,3,12
"B11 4AG",125,62,63,28
"B11 4AH",11,8,3,4
"B11 4AJ",15,7,8,5
"B11 4AL",20,15,5,7
"B11 4AN",3,2,1,1
"B11 4AP",14,7,7,5
"B11 4AS",36,23,13,16
"B11 4AT",21,13,8,10
"B11 4AW",28,20,8,10
"B11 4BP",29,23,6,15
"B11 4BS",21,17,4,10
"B11 4BT",6,3,3,3
"B11 4BU",7,4,3,4
"B11 4DA",22,16,6,9
"B11 4DB",258,136,122,55
"B11 4DD",296,153,143,69
"B11 4DE",196,101,95,44
"B11 4DG",25,21,4,12
"B11 4DJ",131,67,64,30
"B11 4DL",164,80,84,45
"B11 4DN",7,3,4,3
"B11 4DR",209,105,104,51
"B11 4DT",212,111,101,58
"B11 4DX",25,18,7,11
"B11 4EH",116,59,57,25
"B11 4EJ",84,40,44,19
"B11 4EL",83,47,36,23
"B11 4EN",82,40,42,16
"B11 4EP",114,57,57,32
"B11 4ER",79,40,39,21
"B11 4ES",114,50,64,25
"B11 4ET",152,77,75,32
"B11 4EU",67,32,35,13
"B11 4EX",145,77,68,38
"B11 4EY",77,35,42,18
"B11 4HA",160,74,86,39
"B11 4HB",250,126,124,52
"B11 4HD",149,79,70,40
"B11 4HE",72,33,39,20
"B11 4HN",107,53,54,31
"B11 4HP",204,109,95,60
"B11 4HR",57,27,30,16
"B11 4HS",146,65,81,43
"B11 4HT",31,17,14,7
"B11 4HU",132,69,63,34
"B11 4HX",157,76,81,43
"B11 4HY",81,44,37,24
"B11 4JA",37,17,20,8
"B11 4JB",18,6,12,5
"B11 4JD",119,65,54,36
"B11 4JE",77,39,38,20
"B11 4JF",58,28,30,23
"B11 4JG",70,35,35,18
"B11 4JH",150,82,68,34
"B11 4JJ",134,66,68,26
"B11 4JL",148,69,79,38
"B11 4JN",163,78,85,41
"B11 4JP",90,47,43,22
"B11 4JS",109,53,56,29
"B11 4JT",75,36,39,35
"B11 4JW",31,14,17,7
"B11 4JY",37,30,7,11
"B11 4JZ",10,5,5,5
"B11 4LB",13,7,6,6
"B11 4LD",16,7,9,3
"B11 4LE",9,6,3,7
"B11 4LG",226,109,117,41
"B11 4LH",174,87,87,38
"B11 4LJ",224,132,92,48
"B11 4LL",69,31,38,18
"B11 4LP",34,24,10,13
"B11 4LQ",190,93,97,41
"B11 4LS",32,21,11,12
"B11 4LX",59,30,29,15
"B11 4NB",113,57,56,23
"B11 4ND",131,71,60,30
"B11 4NE",115,50,65,29
"B11 4NF",92,47,45,24
"B11 4NG",53,24,29,13
"B11 4NH",148,79,69,30
"B11 4NJ",176,83,93,35
"B11 4NL",108,61,47,29
"B11 4NN",177,89,88,38
"B11 4NP",61,30,31,11
"B11 4NR",188,97,91,34
"B11 4NS",163,80,83,42
"B11 4NT",185,97,88,38
"B11 4NU",29,15,14,11
"B11 4NX",194,101,93,41
"B11 4PB",63,25,38,12
"B11 4PG",161,81,80,41
"B11 4PJ",73,37,36,14
"B11 4PL",83,45,38,17
"B11 4PN",151,73,78,38
"B11 4PP",198,99,99,49
"B11 4PR",21,10,11,4
"B11 4PS",229,122,107,48
"B11 4PT",252,127,125,58
"B11 4PU",102,49,53,28
"B11 4PX",116,61,55,25
"B11 4PY",130,61,69,23
"B11 4QA",63,30,33,12
"B11 4QD",118,56,62,23
"B11 4QE",25,12,13,7
"B11 4QF",70,32,38,17
"B11 4QG",94,47,47,19
"B11 4QJ",103,52,51,21
"B11 4QQ",85,44,41,18
"B11 4QR",27,21,6,9
"B11 4QS",28,19,9,9
"B11 4QT",57,31,26,11
"B11 4QU",201,94,107,45
"B11 4RA",72,37,35,15
"B11 4RB",77,39,38,17
"B11 4RD",75,38,37,15
"B11 4RE",190,96,94,38
"B11 4RH",70,29,41,15
"B11 4RJ",53,23,30,10
"B11 4RP",164,87,77,40
"B11 4RU",58,29,29,19
"B11 4SB",11,7,4,5
"B11 4SE",95,43,52,30
"B11 4SF",20,11,9,6
"B11 4SH",2,1,1,1
"B12 0AB",52,21,31,24
"B12 0AU",7,5,2,4
"B12 0AY",1,1,0,1
"B12 0BP",18,8,10,6
"B12 0DG",10,7,3,2
"B12 0DU",12,7,5,7
"B12 0EJ",4,2,2,3
"B12 0EN",13,4,9,12
"B12 0HE",11,6,5,3
"B12 0HF",63,30,33,18
"B12 0HG",38,24,14,28
"B12 0HJ",73,35,38,40
"B12 0JD",3,2,1,2
"B12 0JG",1,0,1,1
"B12 0JU",19,13,6,5
"B12 0LD",8,6,2,2
"B12 0ND",38,20,18,26
"B12 0NF",55,32,23,36
"B12 0NG",56,28,28,35
"B12 0NH",3,3,0,2
"B12 0NJ",37,24,13,22
"B12 0NP",81,48,33,46
"B12 0NW",85,41,44,53
"B12 0NX",61,34,27,39
"B12 0NZ",127,86,41,71
"B12 0PB",1,1,0,1
"B12 0PH",28,17,11,24
"B12 0PN",54,33,21,37
"B12 0PP",8,3,5,2
"B12 0PR",115,58,57,63
"B12 0PS",96,48,48,63
"B12 0PU",36,24,12,24
"B12 0PW",49,16,33,42
"B12 0PX",17,5,12,5
"B12 0PY",7,6,1,4
"B12 0QB",31,22,9,12
"B12 0QR",4,1,3,1
"B12 0QY",4,2,2,3
"B12 0RL",73,36,37,18
"B12 0RR",13,7,6,5
"B12 0RY",71,54,17,36
"B12 0SD",4,2,2,1
"B12 0SQ",24,9,15,13
"B12 0SS",79,41,38,21
"B12 0ST",74,45,29,29
"B12 0SU",110,51,59,29
"B12 0TA",34,18,16,12
"B12 0TL",66,35,31,23
"B12 0TN",30,16,14,14
"B12 0TP",10,3,7,5
"B12 0TR",78,30,48,34
"B12 0TS",132,64,68,36
"B12 0TT",105,43,62,32
"B12 0TU",76,42,34,35
"B12 0TX",95,44,51,36
"B12 0UA",34,18,16,13
"B12 0UD",6,3,3,2
"B12 0UL",56,37,19,14
"B12 0UU",5,3,2,1
"B12 0UX",26,12,14,7
"B12 0XB",29,12,17,15
"B12 0XE",39,20,19,11
"B12 0XF",71,41,30,35
"B12 0XG",62,30,32,15
"B12 0XP",45,24,21,12
"B12 0XR",98,48,50,24
"B12 0XT",112,61,51,56
"B12 0XU",115,72,43,58
"B12 0XX",29,14,15,11
"B12 0XY",103,54,49,54
"B12 0XZ",120,66,54,57
"B12 0YB",113,44,69,36
"B12 0YD",46,23,23,22
"B12 0YE",42,23,19,13
"B12 0YH",7,4,3,6
"B12 0YJ",111,65,46,53
"B12 0YL",2,1,1,1
"B12 0YQ",22,12,10,6
"B12 0YR",34,19,15,18
"B12 0YT",61,30,31,14
"B12 0YU",94,43,51,31
"B12 0YY",139,87,52,69
"B12 0YZ",98,65,33,56
"B12 8AF",57,35,22,15
"B12 8AG",52,25,27,13
"B12 8AH",74,35,39,16
"B12 8AJ",2,1,1,1
"B12 8AN",119,66,53,28
"B12 8AP",14,7,7,3
"B12 8AQ",10,6,4,4
"B12 8AR",17,9,8,4
"B12 8AS",49,19,30,13
"B12 8AT",1,1,0,1
"B12 8AU",13,8,5,6
"B12 8AW",1,0,1,1
"B12 8AX",112,64,48,28
"B12 8AY",160,74,86,41
"B12 8BA",13,7,6,4
"B12 8BE",41,23,18,11
"B12 8BG",6,3,3,3
"B12 8BJ",22,9,13,5
"B12 8BL",25,15,10,9
"B12 8BN",90,41,49,28
"B12 8BP",118,55,63,43
"B12 8BS",76,39,37,26
"B12 8BT",49,32,17,12
"B12 8BW",128,60,68,36
"B12 8BX",23,8,15,5
"B12 8BY",50,22,28,16
"B12 8DB",81,34,47,20
"B12 8DD",21,8,13,7
"B12 8DE",42,23,19,11
"B12 8DF",48,21,27,10
"B12 8DG",3,1,2,1
"B12 8DQ",8,4,4,3
"B12 8ED",38,16,22,10
"B12 8EG",12,8,4,3
"B12 8EH",105,45,60,28
"B12 8EN",16,7,9,3
"B12 8EQ",2,2,0,2
"B12 8HB",54,29,25,11
"B12 8HE",54,21,33,19
"B12 8HG",22,11,11,7
"B12 8HH",40,19,21,13
"B12 8HL",89,42,47,22
"B12 8HN",37,19,18,13
"B12 8HP",29,14,15,10
"B12 8HQ",20,7,13,8
"B12 8HT",20,11,9,11
"B12 8HW",34,16,18,9
"B12 8JA",4,4,0,2
"B12 8JB",2,1,1,1
"B12 8JF",39,23,16,14
"B12 8JG",74,40,34,18
"B12 8JJ",44,21,23,9
"B12 8JL",87,41,46,20
"B12 8JS",5,2,3,2
"B12 8JT",2,2,0,2
"B12 8JU",17,14,3,9
"B12 8JY",26,21,5,11
"B12 8JZ",33,27,6,13
"B12 8LA",12,10,2,8
"B12 8LB",47,23,24,10
"B12 8LD",24,15,9,17
"B12 8LG",6,4,2,4
"B12 8LS",76,45,31,32
"B12 8LU",46,22,24,10
"B12 8LY",1,1,0,1
"B12 8LZ",123,55,68,29
"B12 8NA",175,87,88,40
"B12 8NB",69,41,28,16
"B12 8NG",164,81,83,37
"B12 8NH",64,29,35,16
"B12 8NJ",64,30,34,16
"B12 8NP",22,14,8,6
"B12 8NT",77,37,40,25
"B12 8NU",35,21,14,19
"B12 8NY",12,8,4,5
"B12 8PA",46,24,22,10
"B12 8PB",18,11,7,13
"B12 8PJ",80,37,43,23
"B12 8PU",151,71,80,52
"B12 8QA",97,47,50,23
"B12 8QB",84,40,44,18
"B12 8QD",134,62,72,37
"B12 8QE",54,27,27,11
"B12 8QG",99,48,51,21
"B12 8QH",116,53,63,33
"B12 8QJ",132,61,71,41
"B12 8QN",102,54,48,41
"B12 8QP",169,82,87,29
"B12 8QR",49,18,31,14
"B12 8QS",52,30,22,14
"B12 8QT",27,14,13,11
"B12 8QU",30,18,12,9
"B12 8QX",39,21,18,9
"B12 8QY",198,90,108,44
"B12 8QZ",30,17,13,8
"B12 8RB",160,77,83,45
"B12 8RD",18,8,10,8
"B12 8RE",23,9,14,6
"B12 8RF",19,9,10,6
"B12 8RG",28,15,13,9
"B12 8RH",32,18,14,10
"B12 8RJ",34,18,16,11
"B12 8RL",27,11,16,9
"B12 8RQ",149,83,66,32
"B12 8RS",80,49,31,21
"B12 8RT",90,51,39,24
"B12 8RU",106,53,53,23
"B12 8RZ",42,22,20,14
"B12 8SA",95,43,52,24
"B12 8SF",77,50,27,53
"B12 8SG",41,23,18,21
"B12 8SH",106,52,54,22
"B12 8SL",15,7,8,4
"B12 8SN",42,16,26,10
"B12 8SP",45,17,28,14
"B12 8SR",32,21,11,8
"B12 8SS",24,9,15,9
"B12 8ST",16,7,9,5
"B12 8SW",28,11,17,8
"B12 8SX",15,7,8,4
"B12 8TD",8,4,4,4
"B12 8TE",56,32,24,16
"B12 8TG",90,49,41,24
"B12 8TH",35,22,13,8
"B12 8TJ",113,53,60,25
"B12 8TL",33,18,15,11
"B12 8TN",48,27,21,6
"B12 8TP",17,9,8,9
"B12 8TT",11,7,4,5
"B12 8TY",28,14,14,20
"B12 8TZ",77,39,38,22
"B12 8UA",26,15,11,12
"B12 8UB",65,29,36,16
"B12 8UD",40,21,19,16
"B12 8UE",69,33,36,23
"B12 8UF",36,19,17,8
"B12 8UG",35,21,14,4
"B12 8UH",5,1,4,1
"B12 8UJ",80,44,36,23
"B12 8UQ",37,20,17,10
"B12 8UR",1,1,0,1
"B12 8UT",200,96,104,38
"B12 8UU",135,68,67,30
"B12 8UX",75,35,40,20
"B12 8UY",73,32,41,23
"B12 8UZ",136,68,68,34
"B12 8XA",83,44,39,26
"B12 8XB",82,41,41,17
"B12 8XD",90,49,41,20
"B12 8XE",24,14,10,8
"B12 9AA",3,1,2,1
"B12 9AE",20,6,14,13
"B12 9AN",36,21,15,11
"B12 9AT",23,17,6,12
"B12 9AZ",10,4,6,3
"B12 9BL",55,29,26,42
"B12 9BS",3,2,1,2
"B12 9BU",33,16,17,9
"B12 9BX",4,2,2,1
"B12 9DP",16,7,9,5
"B12 9DT",14,6,8,5
"B12 9DU",13,6,7,5
"B12 9DW",26,12,14,5
"B12 9DX",37,21,16,13
"B12 9EE",3,1,2,1
"B12 9EF",81,37,44,27
"B12 9EG",81,41,40,29
"B12 9EH",78,37,41,29
"B12 9EQ",67,31,36,14
"B12 9ER",74,34,40,30
"B12 9ES",16,6,10,5
"B12 9EX",112,59,53,28
"B12 9HA",27,13,14,16
"B12 9HD",31,16,15,13
"B12 9HE",25,17,8,11
"B12 9HF",97,53,44,44
"B12 9JQ",16,9,7,13
"B12 9JU",70,33,37,28
"B12 9LA",22,13,9,17
"B12 9LB",11,5,6,4
"B12 9LG",24,15,9,14
"B12 9LH",15,6,9,6
"B12 9LJ",200,96,104,54
"B12 9LN",11,8,3,5
"B12 9LP",56,31,25,11
"B12 9LQ",193,93,100,51
"B12 9LR",62,32,30,20
"B12 9LS",4,2,2,2
"B12 9LW",29,19,10,11
"B12 9LX",84,39,45,23
"B12 9LY",16,8,8,4
"B12 9LZ",62,33,29,12
"B12 9NA",175,85,90,42
"B12 9NB",175,84,91,42
"B12 9ND",93,50,43,27
"B12 9NE",125,63,62,25
"B12 9NG",182,102,80,44
"B12 9NH",122,66,56,24
"B12 9NJ",83,41,42,23
"B12 9NL",18,7,11,4
"B12 9NN",89,47,42,21
"B12 9NQ",153,68,85,45
"B12 9NR",60,24,36,19
"B12 9NS",79,42,37,26
"B12 9NT",91,47,44,27
"B12 9NU",128,62,66,27
"B12 9NW",95,46,49,23
"B12 9NX",52,24,28,14
"B12 9PB",96,49,47,42
"B12 9PE",146,69,77,32
"B12 9PG",19,10,9,5
"B12 9PH",109,53,56,23
"B12 9PJ",75,39,36,37
"B12 9PL",82,35,47,18
"B12 9PN",100,45,55,27
"B12 9PR",113,63,50,36
"B12 9PS",5,3,2,3
"B12 9PT",52,27,25,14
"B12 9PU",56,24,32,12
"B12 9PW",88,43,45,13
"B12 9PX",201,110,91,48
"B12 9PY",90,40,50,24
"B12 9QA",108,71,37,12
"B12 9QB",133,64,69,33
"B12 9QD",107,59,48,28
"B12 9QE",146,70,76,26
"B12 9QF",59,29,30,23
"B12 9QG",71,35,36,27
"B12 9QP",88,54,34,32
"B12 9QQ",93,52,41,35
"B12 9QS",53,25,28,22
"B12 9QT",50,25,25,9
"B12 9QU",30,16,14,14
"B12 9QX",27,14,13,11
"B12 9QY",15,5,10,8
"B12 9RA",139,75,64,39
"B12 9RB",37,18,19,9
"B12 9RE",24,14,10,13
"B12 9RG",45,16,29,15
"B12 9RJ",177,90,87,58
"B12 9RN",68,36,32,14
"B12 9RP",131,71,60,42
"B12 9RR",80,42,38,26
"B12 9RS",30,15,15,7
"B12 9RT",80,38,42,21
"B12 9RU",33,13,20,9
"B12 9RW",88,43,45,20
"B12 9SP",102,44,58,32
"B12 9ST",84,36,48,29
"B12 9SU",55,26,29,17
"B12 9SY",65,32,33,24
"B12 9SZ",7,3,4,3
"B12 9TA",87,51,36,23
"B12 9TB",130,58,72,37
"B12 9TD",104,52,52,41
"B12 9TG",16,10,6,13
"B12 9TH",74,37,37,27
"B12 9TJ",20,12,8,10
"B12 9TL",55,26,29,21
"B12 9TN",36,20,16,16
"B12 9TP",79,42,37,22
"B12 9TQ",51,30,21,17
"B12 9TR",31,18,13,14
"B12 9TS",75,40,35,19
"B12 9TT",32,15,17,16
"B12 9TU",75,30,45,23
"B12 9TW",100,51,49,47
"B12 9TX",33,18,15,9
"B12 9TY",31,13,18,12
"B12 9TZ",57,31,26,24
"B13 0AA",71,31,40,15
"B13 0AB",78,39,39,30
"B13 0AD",30,14,16,12
"B13 0AE",9,5,4,3
"B13 0AG",57,22,35,31
"B13 0AH",39,21,18,15
"B13 0AJ",45,24,21,18
"B13 0AL",44,21,23,14
"B13 0AN",76,36,40,18
"B13 0AP",69,33,36,33
"B13 0AQ",95,43,52,45
"B13 0AR",28,15,13,8
"B13 0AS",93,46,47,29
"B13 0AU",72,36,36,25
"B13 0AW",81,39,42,30
"B13 0AX",72,40,32,20
"B13 0AY",103,50,53,31
"B13 0BA",88,43,45,29
"B13 0BB",28,12,16,14
"B13 0BE",41,20,21,23
"B13 0BG",10,4,6,5
"B13 0BH",75,37,38,26
"B13 0BJ",25,13,12,14
"B13 0BL",90,49,41,32
"B13 0BN",69,37,32,22
"B13 0BP",22,10,12,7
"B13 0BS",16,9,7,5
"B13 0BT",39,17,22,14
"B13 0BU",53,32,21,16
"B13 0BX",48,24,24,38
"B13 0BY",23,10,13,9
"B13 0BZ",73,29,44,28
"B13 0DA",87,44,43,35
"B13 0DB",12,8,4,6
"B13 0DD",80,40,40,22
"B13 0DE",45,20,25,33
"B13 0DG",79,39,40,23
"B13 0DH",11,5,6,4
"B13 0DJ",68,33,35,28
"B13 0DL",41,17,24,16
"B13 0DN",59,29,30,21
"B13 0DP",91,41,50,36
"B13 0DQ",3,2,1,2
"B13 0DR",35,15,20,14
"B13 0DT",68,33,35,24
"B13 0DU",83,33,50,32
"B13 0DW",112,61,51,42
"B13 0DZ",61,29,32,18
"B13 0EA",27,14,13,10
"B13 0EB",118,55,63,40
"B13 0ED",17,9,8,8
"B13 0EE",92,42,50,36
"B13 0EG",63,27,36,22
"B13 0EH",97,48,49,35
"B13 0EJ",117,60,57,45
"B13 0EL",55,27,28,18
"B13 0EN",26,13,13,10
"B13 0EP",70,37,33,26
"B13 0ES",45,19,26,15
"B13 0ET",146,62,84,52
"B13 0EU",1,1,0,1
"B13 0EX",148,67,81,54
"B13 0EY",114,57,57,43
"B13 0EZ",90,39,51,35
"B13 0HA",33,13,20,11
"B13 0HB",105,52,53,48
"B13 0HD",102,55,47,38
"B13 0HG",92,41,51,42
"B13 0HH",54,26,28,19
"B13 0HJ",60,24,36,21
"B13 0HN",93,46,47,34
"B13 0HP",102,47,55,44
"B13 0HR",76,32,44,29
"B13 0HU",54,30,24,22
"B13 0HW",36,18,18,17
"B13 0HX",55,30,25,15
"B13 0HY",46,22,24,13
"B13 0JA",82,41,41,26
"B13 0JB",105,46,59,30
"B13 0JD",72,39,33,19
"B13 0JE",87,36,51,28
"B13 0JG",38,18,20,15
"B13 0JH",54,32,22,20
"B13 0JJ",78,38,40,26
"B13 0JL",66,36,30,28
"B13 0JN",53,24,29,21
"B13 0JP",54,23,31,22
"B13 0JS",88,41,47,32
"B13 0JT",94,42,52,36
"B13 0JU",53,28,25,27
"B13 0JX",94,43,51,35
"B13 0JY",94,44,50,29
"B13 0LA",107,58,49,38
"B13 0LB",77,41,36,25
"B13 0LD",63,25,38,23
"B13 0LE",35,17,18,15
"B13 0LG",62,32,30,24
"B13 0LH",59,28,31,26
"B13 0LJ",59,28,31,22
"B13 0LL",84,35,49,31
"B13 0LN",53,22,31,22
"B13 0LP",94,44,50,38
"B13 0LQ",73,32,41,22
"B13 0LR",62,32,30,27
"B13 0LS",19,9,10,7
"B13 0LU",106,52,54,40
"B13 0LX",48,19,29,18
"B13 0LY",106,42,64,39
"B13 0LZ",147,74,73,54
"B13 0NA",60,25,35,27
"B13 0NB",82,38,44,33
"B13 0ND",79,38,41,31
"B13 0NE",89,39,50,29
"B13 0NG",83,39,44,27
"B13 0NH",104,55,49,41
"B13 0NJ",38,22,16,13
"B13 0NL",66,35,31,20
"B13 0NN",59,30,29,23
"B13 0NP",85,41,44,31
"B13 0NQ",76,38,38,30
"B13 0NR",54,26,28,20
"B13 0NS",6,0,6,4
"B13 0NT",54,28,26,20
"B13 0NW",81,40,41,31
"B13 0NX",85,44,41,28
"B13 0NY",77,44,33,25
"B13 0NZ",67,34,33,27
"B13 0PA",48,26,22,19
"B13 0PB",97,53,44,35
"B13 0PD",40,20,20,17
"B13 0PE",85,38,47,32
"B13 0PF",22,9,13,13
"B13 0PG",100,47,53,42
"B13 0PH",34,17,17,12
"B13 0PJ",94,45,49,39
"B13 0PL",127,47,80,47
"B13 0PN",67,27,40,31
"B13 0PQ",91,48,43,31
"B13 0PR",22,13,9,17
"B13 0PS",50,25,25,32
"B13 0PT",146,72,74,48
"B13 0PX",89,40,49,27
"B13 0PY",55,27,28,20
"B13 0PZ",67,30,37,37
"B13 0QA",11,5,6,6
"B13 0QB",59,31,28,24
"B13 0QD",2,2,0,1
"B13 0QE",59,31,28,18
"B13 0QF",49,23,26,22
"B13 0QG",64,28,36,20
"B13 0QH",53,29,24,16
"B13 0QJ",56,27,29,22
"B13 0QL",45,24,21,18
"B13 0QN",55,26,29,20
"B13 0QP",58,28,30,21
"B13 0QQ",66,32,34,23
"B13 0QR",104,49,55,35
"B13 0QS",14,11,3,10
"B13 0QT",19,10,9,2
"B13 0QU",27,14,13,12
"B13 0QX",48,18,30,29
"B13 0QY",40,20,20,29
"B13 0QZ",37,16,21,28
"B13 0RA",51,18,33,30
"B13 0RB",33,16,17,28
"B13 0RD",46,21,25,27
"B13 0RE",27,16,11,16
"B13 0RF",149,73,76,71
"B13 0RG",34,13,21,14
"B13 0RJ",65,27,38,39
"B13 0RL",52,25,27,24
"B13 0RN",100,45,55,36
"B13 0RP",61,34,27,28
"B13 0RQ",53,13,40,46
"B13 0RR",8,4,4,6
"B13 0RS",45,22,23,21
"B13 0RT",17,8,9,9
"B13 0RU",56,26,30,20
"B13 0RW",111,58,53,38
"B13 0RY",46,21,25,18
"B13 0SA",62,31,31,21
"B13 0SB",23,11,12,10
"B13 0SD",31,17,14,12
"B13 0SE",17,7,10,5
"B13 0SF",77,42,35,23
"B13 0SG",71,35,36,23
"B13 0SH",71,37,34,22
"B13 0SJ",86,43,43,31
"B13 0SL",64,31,33,24
"B13 0SN",89,41,48,31
"B13 0SR",74,35,39,24
"B13 0ST",64,30,34,33
"B13 0SU",71,33,38,23
"B13 0SW",65,31,34,21
"B13 0SX",21,10,11,8
"B13 0TA",28,14,14,11
"B13 0TB",62,27,35,19
"B13 0TF",10,5,5,4
"B13 0TG",32,13,19,11
"B13 0TH",20,7,13,8
"B13 0TJ",33,14,19,13
"B13 0TL",98,49,49,31
"B13 0TQ",83,39,44,35
"B13 0TS",72,39,33,20
"B13 0TT",57,28,29,26
"B13 0TU",79,36,43,26
"B13 0TX",80,35,45,38
"B13 0TY",105,47,58,42
"B13 0UA",125,60,65,49
"B13 0UB",140,67,73,56
"B13 0UP",93,43,50,49
"B13 0UR",50,26,24,33
"B13 0US",95,53,42,65
"B13 0UT",104,51,53,59
"B13 3EY",2,1,1,1
"B13 8AB",157,88,69,79
"B13 8AE",92,46,46,37
"B13 8AG",75,46,29,49
"B13 8AH",172,95,77,91
"B13 8AJ",99,50,49,25
"B13 8AL",30,17,13,15
"B13 8AP",50,34,16,29
"B13 8AR",18,10,8,6
"B13 8AT",67,38,29,30
"B13 8AY",62,32,30,21
"B13 8AZ",13,5,8,5
"B13 8BA",60,36,24,35
"B13 8BB",60,28,32,33
"B13 8BD",26,12,14,17
"B13 8BE",103,48,55,46
"B13 8BH",110,59,51,40
"B13 8BJ",58,30,28,36
"B13 8BL",130,73,57,82
"B13 8BN",59,27,32,29
"B13 8BP",2,1,1,2
"B13 8BQ",31,16,15,24
"B13 8BS",68,33,35,38
"B13 8BT",88,50,38,43
"B13 8BU",148,79,69,91
"B13 8BW",33,23,10,30
"B13 8BX",71,39,32,28
"B13 8DD",40,21,19,25
"B13 8DG",17,7,10,4
"B13 8DH",56,34,22,18
"B13 8DJ",52,31,21,15
"B13 8DL",68,45,23,27
"B13 8DN",74,34,40,25
"B13 8DQ",21,11,10,6
"B13 8DR",20,11,9,11
"B13 8DS",109,66,43,41
"B13 8DT",80,50,30,38
"B13 8DU",70,39,31,54
"B13 8DW",14,8,6,4
"B13 8DX",69,34,35,52
"B13 8EB",61,44,17,41
"B13 8ED",50,25,25,43
"B13 8EE",13,10,3,10
"B13 8EF",42,23,19,32
"B13 8EH",26,16,10,9
"B13 8EJ",77,51,26,35
"B13 8EL",24,15,9,13
"B13 8EN",12,7,5,5
"B13 8ES",32,16,16,28
"B13 8ET",74,37,37,24
"B13 8EU",16,8,8,7
"B13 8EW",14,7,7,4
"B13 8EX",67,33,34,26
"B13 8EY",83,58,25,32
"B13 8HA",52,30,22,20
"B13 8HB",20,10,10,8
"B13 8HD",96,46,50,48
"B13 8HE",22,13,9,12
"B13 8HG",30,16,14,13
"B13 8HH",47,18,29,19
"B13 8HJ",14,9,5,5
"B13 8HR",106,60,46,46
"B13 8HS",35,18,17,18
"B13 8HW",21,13,8,12
"B13 8JG",5,5,0,2
"B13 8JH",12,6,6,6
"B13 8JJ",29,15,14,16
"B13 8JL",5,2,3,1
"B13 8JP",10,5,5,4
"B13 8JQ",24,11,13,12
"B13 8JR",11,8,3,4
"B13 8JS",58,36,22,21
"B13 8JT",104,55,49,48
"B13 8JU",27,18,9,15
"B13 8JX",43,20,23,29
"B13 8JY",34,19,15,13
"B13 8JZ",85,43,42,26
"B13 8LA",82,48,34,20
"B13 8LB",45,23,22,19
"B13 8LD",36,19,17,20
"B13 8LE",37,17,20,12
"B13 8LJ",43,21,22,15
"B13 8LL",79,42,37,46
"B13 8LN",86,43,43,25
"B13 8LP",50,29,21,16
"B13 8LR",43,20,23,11
"B13 8LS",70,32,38,31
"B13 8LT",94,44,50,27
"B13 8LU",89,48,41,31
"B13 8LW",63,32,31,24
"B13 8LX",79,38,41,23
"B13 8LY",46,23,23,20
"B13 8NB",69,35,34,35
"B13 8ND",48,25,23,24
"B13 8NE",107,55,52,36
"B13 8NF",40,19,21,16
"B13 8NH",3,1,2,2
"B13 8NJ",69,35,34,24
"B13 8NL",49,26,23,21
"B13 8NN",56,28,28,24
"B13 8NQ",157,86,71,84
"B13 8NS",4,2,2,2
"B13 8NT",104,57,47,32
"B13 8NU",83,33,50,41
"B13 8NW",73,36,37,31
"B13 8NY",45,24,21,20
"B13 8NZ",71,33,38,30
"B13 8PD",60,27,33,23
"B13 8PE",21,7,14,13
"B13 8PG",98,55,43,40
"B13 8PP",36,16,20,12
"B13 8PQ",117,65,52,49
"B13 8PW",33,17,16,16
"B13 8PX",69,28,41,8
"B13 8PY",16,10,6,7
"B13 8QA",73,51,22,54
"B13 8QE",2,1,1,0
"B13 8QH",78,40,38,30
"B13 8QJ",78,36,42,32
"B13 8QL",51,29,22,21
"B13 8QN",53,27,26,30
"B13 8QP",73,38,35,32
"B13 8QR",78,36,42,27
"B13 8QT",19,11,8,8
"B13 8QX",44,19,25,9
"B13 8RA",22,8,14,9
"B13 8RB",26,16,10,8
"B13 8RD",21,12,9,6
"B13 8RE",78,41,37,25
"B13 8RF",82,46,36,42
"B13 8RG",45,25,20,24
"B13 8RH",44,25,19,14
"B13 8RJ",51,28,23,32
"B13 8RL",51,25,26,29
"B13 8RN",31,17,14,11
"B13 8RP",16,11,5,6
"B13 8RR",85,48,37,32
"B13 8RS",70,33,37,19
"B13 8RT",44,20,24,15
"B13 8RY",18,12,6,10
"B13 9AA",51,19,32,24
"B13 9AB",49,29,20,35
"B13 9AD",30,15,15,20
"B13 9AE",25,13,12,17
"B13 9AF",30,20,10,22
"B13 9AG",157,79,78,70
"B13 9AH",90,42,48,19
"B13 9AJ",118,63,55,41
"B13 9AL",103,50,53,27
"B13 9AN",149,82,67,45
"B13 9AP",121,69,52,22
"B13 9AR",31,23,8,15
"B13 9AS",121,63,58,36
"B13 9AU",124,60,64,35
"B13 9AW",137,72,65,31
"B13 9AX",124,74,50,44
"B13 9AY",64,34,30,19
"B13 9BA",86,46,40,35
"B13 9BB",68,39,29,25
"B13 9BD",53,28,25,35
"B13 9BE",42,24,18,18
"B13 9BG",99,60,39,41
"B13 9BH",146,72,74,32
"B13 9BJ",31,17,14,11
"B13 9BL",90,43,47,22
"B13 9BN",108,64,44,43
"B13 9BP",101,44,57,29
"B13 9BQ",61,34,27,16
"B13 9BS",153,85,68,43
"B13 9BT",80,46,34,26
"B13 9BU",81,45,36,54
"B13 9BX",71,40,31,22
"B13 9BY",72,44,28,47
"B13 9BZ",63,38,25,21
"B13 9DA",119,57,62,36
"B13 9DB",33,20,13,7
"B13 9DE",63,33,30,21
"B13 9DF",37,22,15,10
"B13 9DH",171,110,61,95
"B13 9DL",117,57,60,58
"B13 9DN",111,59,52,44
"B13 9DP",113,57,56,61
"B13 9DQ",120,58,62,50
"B13 9DS",94,55,39,42
"B13 9DT",50,24,26,10
"B13 9DU",50,27,23,24
"B13 9DX",127,66,61,39
"B13 9DY",24,12,12,9
"B13 9DZ",2,1,1,1
"B13 9EA",8,3,5,4
"B13 9EB",121,78,43,65
"B13 9ED",129,69,60,43
"B13 9EF",1,1,0,1
"B13 9EG",2,1,1,1
"B13 9EH",158,78,80,79
"B13 9EJ",52,22,30,24
"B13 9EL",62,30,32,27
"B13 9EN",85,45,40,26
"B13 9EP",13,6,7,5
"B13 9ER",36,22,14,20
"B13 9ES",36,19,17,15
"B13 9ET",75,32,43,35
"B13 9EX",9,4,5,4
"B13 9EY",69,21,48,62
"B13 9EZ",21,12,9,10
"B13 9FE",48,24,24,16
"B13 9FF",16,9,7,6
"B13 9GG",12,5,7,3
"B13 9GH",9,2,7,5
"B13 9GL",6,4,2,2
"B13 9HA",45,23,22,23
"B13 9HB",75,29,46,46
"B13 9HF",128,77,51,34
"B13 9HH",105,50,55,44
"B13 9HJ",84,48,36,38
"B13 9HL",55,30,25,27
"B13 9HN",10,7,3,6
"B13 9HP",27,12,15,14
"B13 9HR",14,10,4,12
"B13 9HS",37,19,18,23
"B13 9HT",84,49,35,40
"B13 9HU",17,12,5,13
"B13 9HW",135,76,59,80
"B13 9JA",91,47,44,30
"B13 9JB",52,26,26,20
"B13 9JD",117,50,67,49
"B13 9JE",167,85,82,32
"B13 9JF",38,22,16,9
"B13 9JG",22,8,14,7
"B13 9JH",16,9,7,11
"B13 9JJ",14,7,7,4
"B13 9JL",35,17,18,16
"B13 9JN",77,36,41,19
"B13 9JP",62,31,31,29
"B13 9JQ",41,24,17,20
"B13 9JR",53,28,25,23
"B13 9JS",33,18,15,22
"B13 9JT",24,13,11,8
"B13 9JU",48,23,25,17
"B13 9JW",46,20,26,15
"B13 9JX",46,27,19,12
"B13 9JY",15,6,9,6
"B13 9LA",30,12,18,12
"B13 9LB",35,15,20,17
"B13 9LD",50,17,33,22
"B13 9LE",23,11,12,10
"B13 9LF",66,32,34,20
"B13 9LG",76,36,40,31
"B13 9LH",78,40,38,26
"B13 9LJ",188,111,77,93
"B13 9LL",86,41,45,25
"B13 9LN",91,41,50,26
"B13 9LP",78,40,38,25
"B13 9LQ",33,20,13,22
"B13 9LR",154,85,69,44
"B13 9LS",76,35,41,17
"B13 9LT",122,60,62,47
"B13 9LU",49,24,25,22
"B13 9LX",203,103,100,56
"B13 9LY",96,51,45,25
"B13 9LZ",64,26,38,14
"B13 9NA",92,49,43,26
"B13 9ND",108,56,52,28
"B13 9NE",98,44,54,22
"B13 9NF",34,17,17,8
"B13 9NG",77,31,46,26
"B13 9NH",179,81,98,54
"B13 9NJ",39,18,21,10
"B13 9NL",60,32,28,20
"B13 9NN",154,77,77,41
"B13 9NP",41,22,19,18
"B13 9NR",69,33,36,21
"B13 9NS",147,72,75,33
"B13 9NT",147,81,66,35
"B13 9NU",77,46,31,22
"B13 9NW",32,18,14,12
"B13 9NX",50,25,25,10
"B13 9NY",33,24,9,14
"B13 9NZ",42,15,27,36
"B13 9PA",26,15,11,17
"B13 9PB",19,9,10,12
"B13 9PE",27,15,12,16
"B13 9PF",22,13,9,6
"B13 9PG",27,14,13,5
"B13 9PH",41,20,21,13
"B13 9PJ",37,23,14,12
"B13 9PL",32,17,15,18
"B13 9PN",45,24,21,15
"B13 9PP",13,4,9,11
"B13 9PR",34,15,19,19
"B13 9PS",28,16,12,21
"B13 9PT",38,21,17,28
"B13 9PU",49,25,24,37
"B13 9PW",79,24,55,50
"B13 9PX",35,16,19,22
"B13 9PY",56,27,29,34
"B13 9PZ",17,8,9,10
"B13 9QD",30,14,16,10
"B13 9QE",37,22,15,12
"B13 9QF",17,2,15,13
"B13 9QG",14,11,3,9
"B13 9QH",16,7,9,13
"B13 9QJ",86,43,43,38
"B13 9QL",77,37,40,34
"B13 9QN",65,29,36,29
"B13 9QP",15,4,11,8
"B13 9QR",58,32,26,17
"B13 9QS",57,22,35,16
"B13 9QT",61,35,26,18
"B13 9QU",12,7,5,4
"B13 9QW",108,52,56,34
"B13 9QX",31,13,18,7
"B13 9QY",25,9,16,9
"B13 9QZ",50,24,26,21
"B13 9RA",21,9,12,7
"B13 9RB",16,10,6,4
"B13 9RD",33,17,16,14
"B13 9RE",78,36,42,27
"B13 9RG",87,46,41,26
"B13 9RH",68,33,35,30
"B13 9RJ",64,33,31,22
"B13 9RL",62,33,29,23
"B13 9RN",15,9,6,5
"B13 9RR",23,10,13,10
"B13 9RS",61,30,31,26
"B13 9RU",96,54,42,43
"B13 9RW",20,10,10,11
"B13 9RX",55,24,31,19
"B13 9RY",69,40,29,17
"B13 9SA",41,22,19,13
"B13 9SB",47,27,20,20
"B13 9SD",55,23,32,29
"B13 9SE",105,53,52,38
"B13 9SG",106,55,51,31
"B13 9SH",34,16,18,15
"B13 9SJ",27,3,24,1
"B13 9SL",59,30,29,21
"B13 9SN",16,7,9,6
"B13 9SP",16,9,7,5
"B13 9SQ",91,47,44,39
"B13 9SR",121,56,65,46
"B13 9SS",112,65,47,42
"B13 9ST",32,17,15,20
"B13 9SU",79,35,44,31
"B13 9SW",36,19,17,11
"B13 9SX",51,34,17,27
"B13 9SY",25,12,13,12
"B13 9SZ",27,14,13,11
"B13 9TA",37,18,19,20
"B13 9TB",123,61,62,58
"B13 9TD",98,53,45,44
"B13 9TF",135,70,65,63
"B13 9TG",98,45,53,47
"B13 9TH",9,6,3,4
"B13 9TJ",80,39,41,32
"B13 9TL",112,51,61,38
"B13 9TN",35,16,19,13
"B13 9TP",11,3,8,7
"B13 9TR",22,7,15,10
"B13 9TS",71,36,35,43
"B13 9TX",17,11,6,6
"B13 9TY",126,66,60,50
"B13 9TZ",93,48,45,39
"B13 9UA",86,42,44,35
"B13 9UD",120,58,62,52
"B13 9UE",120,44,76,53
"B13 9UG",57,29,28,31
"B13 9UH",85,43,42,29
"B13 9UJ",110,65,45,49
"B13 9UL",91,44,47,39
"B13 9UP",24,11,13,6
"B13 9UQ",20,8,12,9
"B13 9US",53,24,29,15
"B13 9UT",40,24,16,22
"B13 9UZ",68,31,37,21
"B13 9XA",32,14,18,9
"B13 9XB",25,16,9,10
"B13 9XD",27,16,11,9
"B13 9XE",55,25,30,14
"B13 9XG",33,0,33,33
"B13 9XH",31,13,18,10
"B13 9XJ",16,0,16,16
"B13 9XL",55,30,25,33
"B13 9XN",34,15,19,26
"B13 9XP",91,48,43,70
"B13 9XR",23,10,13,18
"B13 9XS",22,11,11,21
"B13 9XT",22,10,12,18
"B13 9XU",20,10,10,18
"B13 9XW",43,20,23,25
"B13 9XX",23,7,16,18
"B13 9XY",24,16,8,18
"B13 9XZ",22,13,9,17
"B13 9YB",35,19,16,32
"B13 9YD",47,18,29,19
"B13 9YE",28,16,12,10
"B13 9YF",32,19,13,12
"B13 9YJ",10,5,5,9
"B13 9YL",22,9,13,15
"B13 9YN",24,15,9,17
"B13 9YP",20,10,10,6
"B13 9YW",42,23,19,33
"B13 9YX",13,5,8,5
"B13 9YY",128,53,75,72
"B13 9YZ",76,40,36,44
"B14 4AA",42,18,24,15
"B14 4AB",105,49,56,43
"B14 4AD",96,50,46,45
"B14 4AG",132,60,72,60
"B14 4AH",43,23,20,18
"B14 4AJ",67,34,33,26
"B14 4AL",42,20,22,14
"B14 4AN",45,24,21,20
"B14 4AP",86,36,50,60
"B14 4AQ",148,73,75,61
"B14 4AR",8,5,3,3
"B14 4AU",19,9,10,10
"B14 4AW",51,24,27,20
"B14 4AX",13,4,9,8
"B14 4AY",47,22,25,18
"B14 4AZ",8,3,5,3
"B14 4BA",111,52,59,49
"B14 4BB",67,33,34,30
"B14 4BD",69,33,36,29
"B14 4BE",38,13,25,30
"B14 4BG",88,46,42,42
"B14 4BJ",8,5,3,6
"B14 4BL",25,13,12,16
"B14 4BN",14,7,7,6
"B14 4BS",63,28,35,24
"B14 4BT",9,3,6,3
"B14 4BU",96,45,51,42
"B14 4BW",28,12,16,11
"B14 4BX",81,29,52,60
"B14 4DA",68,34,34,28
"B14 4DD",108,56,52,50
"B14 4DE",52,27,25,20
"B14 4DG",103,46,57,38
"B14 4DH",39,24,15,18
"B14 4DJ",52,24,28,22
"B14 4DL",132,73,59,58
"B14 4DP",55,24,31,19
"B14 4DQ",74,38,36,31
"B14 4DR",115,54,61,48
"B14 4DS",106,47,59,46
"B14 4DT",34,19,15,17
"B14 4DU",71,31,40,50
"B14 4DW",51,23,28,20
"B14 4DX",121,61,60,47
"B14 4DY",36,16,20,13
"B14 4DZ",12,6,6,10
"B14 4EA",71,34,37,30
"B14 4EB",23,12,11,11
"B14 4ED",84,43,41,35
"B14 4EE",123,51,72,43
"B14 4EF",101,48,53,32
"B14 4EG",70,33,37,26
"B14 4EH",20,9,11,10
"B14 4EJ",52,24,28,19
"B14 4EL",49,26,23,22
"B14 4EP",16,8,8,6
"B14 4EQ",79,37,42,26
"B14 4ER",184,71,113,30
"B14 4ES",5,3,2,3
"B14 4ET",16,8,8,6
"B14 4EU",102,47,55,38
"B14 4EX",38,18,20,13
"B14 4EY",60,29,31,20
"B14 4EZ",25,9,16,8
"B14 4HA",113,60,53,36
"B14 4HB",29,17,12,10
"B14 4HD",93,45,48,37
"B14 4HE",102,54,48,37
"B14 4HG",45,21,24,22
"B14 4HH",46,28,18,17
"B14 4HJ",122,51,71,51
"B14 4HL",117,57,60,51
"B14 4HN",3,3,0,1
"B14 4HP",38,13,25,31
"B14 4HQ",44,25,19,21
"B14 4HR",157,80,77,75
"B14 4HS",14,12,2,6
"B14 4HT",3,1,2,2
"B14 4HU",33,15,18,12
"B14 4HW",60,34,26,20
"B14 4HX",82,44,38,36
"B14 4HY",77,42,35,31
"B14 4HZ",87,38,49,36
"B14 4JA",105,54,51,43
"B14 4JB",115,54,61,47
"B14 4JD",47,25,22,20
"B14 4JE",67,31,36,26
"B14 4JG",68,37,31,24
"B14 4JH",93,44,49,43
"B14 4JJ",83,44,39,34
"B14 4JL",13,6,7,4
"B14 4JN",9,4,5,4
"B14 4JP",31,15,16,15
"B14 4JQ",64,35,29,32
"B14 4JR",46,25,21,19
"B14 4JS",101,48,53,50
"B14 4JT",65,35,30,28
"B14 4JU",47,25,22,22
"B14 4JX",35,16,19,13
"B14 4JY",18,9,9,8
"B14 4LB",121,58,63,41
"B14 4LD",62,32,30,32
"B14 4LE",31,16,15,15
"B14 4LG",125,63,62,49
"B14 4LH",75,45,30,49
"B14 4LJ",29,11,18,6
"B14 4LL",47,22,25,18
"B14 4LN",32,14,18,17
"B14 4LP",38,20,18,27
"B14 4LR",100,53,47,39
"B14 4LS",63,28,35,24
"B14 4LU",45,21,24,17
"B14 4LW",73,38,35,30
"B14 4LX",36,21,15,21
"B14 4LY",113,57,56,43
"B14 4LZ",10,5,5,6
"B14 4NA",117,53,64,45
"B14 4NB",47,26,21,21
"B14 4ND",117,61,56,47
"B14 4NE",159,67,92,54
"B14 4NF",62,28,34,30
"B14 4NG",75,41,34,29
"B14 4NH",177,82,95,65
"B14 4NJ",84,44,40,30
"B14 4NL",39,21,18,15
"B14 4NN",55,25,30,33
"B14 4NP",140,71,69,54
"B14 4NR",166,86,80,55
"B14 4NS",54,28,26,22
"B14 4NT",32,18,14,16
"B14 4NU",67,37,30,34
"B14 4NW",60,27,33,25
"B14 4NX",71,30,41,30
"B14 4NZ",44,22,22,23
"B14 4PB",91,48,43,32
"B14 4PD",12,5,7,4
"B14 4PF",56,33,23,25
"B14 4PG",41,18,23,22
"B14 4PH",83,41,42,30
"B14 4PJ",16,9,7,9
"B14 4PN",104,50,54,45
"B14 4PP",69,32,37,30
"B14 4PR",39,20,19,14
"B14 4PS",19,10,9,9
"B14 4PU",20,7,13,8
"B14 4PW",32,18,14,17
"B14 4PX",28,17,11,16
"B14 4QA",95,47,48,39
"B14 4QB",97,51,46,38
"B14 4QD",70,34,36,27
"B14 4QE",159,85,74,60
"B14 4QF",35,15,20,16
"B14 4QG",22,10,12,8
"B14 4QL",146,72,74,51
"B14 4QN",71,29,42,27
"B14 4QP",21,9,12,8
"B14 4QQ",39,22,17,10
"B14 4QR",48,27,21,16
"B14 4QS",162,72,90,58
"B14 4QT",75,33,42,29
"B14 4QU",73,30,43,30
"B14 4QW",67,31,36,23
"B14 4QZ",60,25,35,21
"B14 4RA",48,21,27,22
"B14 4RB",64,26,38,23
"B14 4RD",48,22,26,20
"B14 4RE",118,50,68,44
"B14 4RF",40,19,21,16
"B14 4RG",81,40,41,29
"B14 4RH",77,43,34,26
"B14 4RN",43,24,19,17
"B14 4RU",31,13,18,13
"B14 4RX",76,34,42,31
"B14 4RY",50,23,27,21
"B14 4SA",70,34,36,24
"B14 4SB",64,30,34,27
"B14 4SJ",37,20,17,13
"B14 4SL",25,13,12,8
"B14 4SN",63,28,35,23
"B14 4SP",25,11,14,8
"B14 4SW",72,39,33,22
"B14 4TA",98,47,51,41
"B14 4TB",24,14,10,9
"B14 4TD",75,42,33,27
"B14 4TE",47,24,23,18
"B14 4TG",44,19,25,23
"B14 4TH",80,41,39,29
"B14 4TJ",89,49,40,35
"B14 4TL",41,22,19,15
"B14 4TN",16,7,9,8
"B14 4TP",52,26,26,22
"B14 4TQ",23,11,12,10
"B14 4TR",87,40,47,36
"B14 4TU",140,74,66,53
"B14 4TW",61,30,31,25
"B14 4TX",132,68,64,54
"B14 4TY",19,10,9,7
"B14 4TZ",63,30,33,27
"B14 4UH",26,9,17,14
"B14 5AA",104,48,56,34
"B14 5AB",49,24,25,21
"B14 5AD",28,14,14,13
"B14 5AE",44,23,21,18
"B14 5AF",81,41,40,35
"B14 5AG",36,16,20,16
"B14 5AL",82,41,41,26
"B14 5AN",80,41,39,32
"B14 5AR",48,25,23,21
"B14 5AS",135,59,76,63
"B14 5AU",47,27,20,18
"B14 5AW",15,7,8,8
"B14 5AX",173,88,85,77
"B14 5BA",54,29,25,21
"B14 5BB",12,6,6,5
"B14 5BD",64,31,33,26
"B14 5BE",55,27,28,19
"B14 5BJ",33,15,18,17
"B14 5BL",62,36,26,22
"B14 5BN",23,9,14,9
"B14 5BP",84,41,43,24
"B14 5BS",67,34,33,26
"B14 5BT",56,27,29,17
"B14 5BU",125,60,65,48
"B14 5BX",68,37,31,31
"B14 5BY",52,25,27,24
"B14 5BZ",45,13,32,41
"B14 5DA",68,39,29,23
"B14 5DB",38,20,18,12
"B14 5DD",61,28,33,17
"B14 5DE",41,9,32,0
"B14 5DF",54,30,24,25
"B14 5DJ",67,40,27,28
"B14 5DL",45,21,24,15
"B14 5DN",81,34,47,31
"B14 5DP",44,24,20,17
"B14 5DR",15,10,5,7
"B14 5DS",43,26,17,15
"B14 5DT",23,10,13,11
"B14 5DU",59,29,30,27
"B14 5DW",59,27,32,28
"B14 5DX",95,44,51,35
"B14 5DY",64,34,30,27
"B14 5EA",75,41,34,30
"B14 5EB",59,30,29,24
"B14 5ED",117,48,69,45
"B14 5EE",87,35,52,34
"B14 5EF",122,66,56,45
"B14 5EL",3,2,1,1
"B14 5EN",9,6,3,4
"B14 5ET",27,11,16,16
"B14 5EU",100,34,66,51
"B14 5EX",52,23,29,26
"B14 5EY",59,33,26,18
"B14 5EZ",30,17,13,19
"B14 5HA",47,26,21,17
"B14 5HB",38,22,16,17
"B14 5HD",95,45,50,39
"B14 5HE",68,33,35,32
"B14 5HF",160,76,84,61
"B14 5HG",80,38,42,34
"B14 5HH",17,8,9,8
"B14 5HJ",6,3,3,0
"B14 5HL",63,28,35,18
"B14 5HN",38,24,14,23
"B14 5HP",50,22,28,18
"B14 5HR",66,28,38,24
"B14 5HS",66,30,36,28
"B14 5HT",75,41,34,31
"B14 5JA",36,21,15,16
"B14 5JB",78,37,41,31
"B14 5JD",66,34,32,29
"B14 5JG",41,19,22,10
"B14 5JJ",88,42,46,44
"B14 5JL",38,19,19,14
"B14 5JN",26,13,13,10
"B14 5JP",22,12,10,6
"B14 5JQ",14,9,5,7
"B14 5JR",54,27,27,20
"B14 5JS",53,25,28,25
"B14 5JU",35,22,13,18
"B14 5LB",26,12,14,13
"B14 5LD",107,33,74,62
"B14 5LE",20,6,14,13
"B14 5LG",65,36,29,40
"B14 5LH",32,9,23,13
"B14 5LJ",66,30,36,43
"B14 5LL",47,25,22,13
"B14 5LN",54,26,28,19
"B14 5LP",68,35,33,20
"B14 5LQ",59,25,34,50
"B14 5LS",42,25,17,13
"B14 5LT",113,56,57,45
"B14 5LU",40,21,19,16
"B14 5LX",71,33,38,28
"B14 5LY",98,40,58,40
"B14 5NA",17,9,8,7
"B14 5NG",26,20,6,5
"B14 5NH",74,35,39,42
"B14 5NJ",21,9,12,13
"B14 5NL",6,4,2,4
"B14 5NN",82,57,25,46
"B14 5NP",3,2,1,2
"B14 5NS",11,6,5,6
"B14 5NT",115,59,56,34
"B14 5NU",86,40,46,30
"B14 5NW",35,21,14,29
"B14 5NX",72,31,41,27
"B14 5NY",54,26,28,25
"B14 5PA",67,31,36,27
"B14 5PB",107,51,56,50
"B14 5PD",29,12,17,10
"B14 5PE",1,1,0,1
"B14 5PH",50,24,26,20
"B14 5PJ",18,7,11,6
"B14 5PL",102,51,51,39
"B14 5PN",51,21,30,20
"B14 5PP",23,12,11,10
"B14 5PQ",73,42,31,39
"B14 5PR",97,49,48,35
"B14 5PS",34,15,19,12
"B14 5PT",50,25,25,17
"B14 5PU",83,47,36,50
"B14 5PX",54,30,24,25
"B14 5PY",28,16,12,13
"B14 5QA",37,15,22,19
"B14 5QB",71,32,39,31
"B14 5QD",62,24,38,29
"B14 5QE",13,9,4,10
"B14 5QF",66,39,27,47
"B14 5QG",5,4,1,4
"B14 5QH",4,4,0,0
"B14 5QJ",66,33,33,25
"B14 5QL",67,32,35,23
"B14 5QN",31,15,16,16
"B14 5QP",20,10,10,13
"B14 5QT",4,2,2,2
"B14 5QU",86,38,48,46
"B14 5QX",80,41,39,15
"B14 5QY",16,5,11,8
"B14 5RA",63,25,38,33
"B14 5RB",4,0,4,2
"B14 5RD",17,11,6,9
"B14 5RE",20,8,12,14
"B14 5RG",18,9,9,8
"B14 5RH",22,11,11,6
"B14 5RJ",79,39,40,27
"B14 5RL",13,7,6,4
"B14 5RN",29,16,13,22
"B14 5RP",8,3,5,6
"B14 5RR",53,24,29,20
"B14 5RS",16,7,9,10
"B14 5RT",87,44,43,46
"B14 5RU",47,24,23,24
"B14 5RX",39,20,19,19
"B14 5RY",4,2,2,1
"B14 5SA",53,24,29,18
"B14 5SB",4,3,1,2
"B14 5SD",56,30,26,16
"B14 5SE",74,38,36,46
"B14 5SF",8,5,3,7
"B14 5SL",23,10,13,9
"B14 5SN",49,27,22,21
"B14 5SP",22,11,11,11
"B14 5SR",31,13,18,13
"B14 5SU",12,6,6,4
"B14 5TA",23,8,15,11
"B14 5TB",74,37,37,49
"B14 5TD",75,42,33,45
"B14 5TE",87,47,40,46
"B14 5TF",85,42,43,48
"B14 5TH",27,13,14,12
"B14 5TJ",27,15,12,9
"B14 5TP",99,44,55,45
"B14 5TU",1,1,0,1
"B14 5TX",12,8,4,4
"B14 5TY",94,41,53,39
"B14 5UA",78,43,35,33
"B14 5UB",23,10,13,12
"B14 5UD",95,46,49,47
"B14 5UE",67,30,37,37
"B14 5UL",31,15,16,10
"B14 5UN",45,30,15,27
"B14 5UP",31,18,13,17
"B14 5UR",23,12,11,14
"B14 5US",17,7,10,6
"B14 5UT",18,9,9,9
"B14 5UU",57,33,24,23
"B14 5UW",62,25,37,28
"B14 5UX",46,18,28,24
"B14 5UY",25,11,14,8
"B14 5UZ",39,17,22,17
"B14 5XA",37,14,23,22
"B14 5XB",44,23,21,17
"B14 5XN",29,16,13,16
"B14 5XP",16,8,8,8
"B14 5XR",22,9,13,13
"B14 5XS",17,9,8,5
"B14 5XT",15,4,11,11
"B14 5XU",29,15,14,13
"B14 5XW",22,9,13,14
"B14 5XX",30,18,12,20
"B14 5XY",37,19,18,15
"B14 5XZ",20,6,14,10
"B14 5YA",20,8,12,12
"B14 5YB",42,16,26,17
"B14 5YD",55,23,32,27
"B14 5YE",58,30,28,26
"B14 5YF",26,12,14,12
"B14 5YG",9,5,4,7
"B14 5YH",67,32,35,32
"B14 5YJ",34,16,18,15
"B14 5YL",60,28,32,28
"B14 5YQ",26,11,15,13
"B14 5YR",41,17,24,15
"B14 5YS",43,19,24,17
"B14 5YT",37,20,17,18
"B14 6AA",84,35,49,29
"B14 6AB",80,39,41,25
"B14 6AD",89,40,49,34
"B14 6AG",49,24,25,16
"B14 6AH",103,50,53,36
"B14 6AJ",38,17,21,10
"B14 6AL",36,18,18,11
"B14 6AN",56,26,30,23
"B14 6AT",83,42,41,30
"B14 6BA",64,32,32,25
"B14 6BB",66,32,34,24
"B14 6BD",47,21,26,17
"B14 6BE",45,21,24,12
"B14 6BG",63,31,32,25
"B14 6BH",49,22,27,20
"B14 6BJ",77,43,34,27
"B14 6BL",3,1,2,1
"B14 6BN",43,22,21,18
"B14 6BP",63,32,31,23
"B14 6BS",68,31,37,22
"B14 6BT",83,39,44,31
"B14 6BU",27,14,13,13
"B14 6BX",82,41,41,31
"B14 6DA",18,7,11,10
"B14 6DD",75,43,32,23
"B14 6DE",122,61,61,42
"B14 6DG",32,16,16,11
"B14 6DH",67,37,30,23
"B14 6DJ",111,53,58,38
"B14 6DL",132,71,61,45
"B14 6DN",68,35,33,25
"B14 6DP",45,23,22,30
"B14 6DR",41,17,24,16
"B14 6DS",85,34,51,39
"B14 6DT",108,45,63,78
"B14 6DX",43,21,22,22
"B14 6EB",40,23,17,24
"B14 6EE",76,38,38,25
"B14 6EG",73,37,36,30
"B14 6EH",77,39,38,27
"B14 6EJ",69,36,33,37
"B14 6EL",47,21,26,21
"B14 6EN",46,26,20,18
"B14 6EP",41,21,20,18
"B14 6EQ",33,15,18,12
"B14 6ER",15,7,8,5
"B14 6ES",114,54,60,46
"B14 6ET",81,35,46,33
"B14 6EW",96,46,50,31
"B14 6EX",11,6,5,6
"B14 6EY",121,58,63,64
"B14 6EZ",102,48,54,41
"B14 6HA",6,3,3,3
"B14 6HB",72,36,36,27
"B14 6HD",26,11,15,10
"B14 6HE",9,7,2,5
"B14 6HG",68,38,30,26
"B14 6HH",83,40,43,35
"B14 6HJ",58,24,34,21
"B14 6HL",70,29,41,25
"B14 6HN",54,25,29,16
"B14 6HP",100,51,49,48
"B14 6HQ",61,28,33,28
"B14 6HR",9,7,2,6
"B14 6HS",48,23,25,19
"B14 6HT",36,19,17,14
"B14 6HU",54,28,26,22
"B14 6HX",91,40,51,31
"B14 6HY",35,17,18,16
"B14 6JA",57,31,26,25
"B14 6JB",73,35,38,34
"B14 6JG",98,40,58,42
"B14 6JH",21,12,9,8
"B14 6JJ",143,60,83,53
"B14 6JL",12,6,6,5
"B14 6JN",142,59,83,57
"B14 6JQ",89,40,49,41
"B14 6JT",66,34,32,29
"B14 6JU",70,35,35,35
"B14 6JW",66,35,31,26
"B14 6JX",59,32,27,27
"B14 6JY",39,20,19,18
"B14 6LA",31,16,15,10
"B14 6LD",95,51,44,34
"B14 6LE",41,20,21,16
"B14 6LG",82,35,47,27
"B14 6LH",42,25,17,16
"B14 6LJ",27,17,10,11
"B14 6LL",66,36,30,22
"B14 6LN",34,16,18,12
"B14 6LQ",35,20,15,13
"B14 6LT",96,49,47,40
"B14 6LU",59,31,28,27
"B14 6LX",33,16,17,13
"B14 6LY",25,13,12,11
"B14 6NA",80,44,36,33
"B14 6NB",105,60,45,45
"B14 6ND",38,13,25,14
"B14 6NE",139,61,78,59
"B14 6NG",53,26,27,27
"B14 6NH",107,52,55,41
"B14 6NJ",30,16,14,9
"B14 6NN",92,44,48,36
"B14 6NQ",100,45,55,34
"B14 6NU",41,25,16,18
"B14 6NW",100,48,52,51
"B14 6NZ",37,17,20,16
"B14 6PA",62,34,28,26
"B14 6PF",114,55,59,39
"B14 6PG",62,29,33,26
"B14 6PH",36,16,20,20
"B14 6PJ",15,8,7,8
"B14 6PL",42,20,22,14
"B14 6PN",65,31,34,30
"B14 6PP",64,27,37,30
"B14 6PQ",44,24,20,28
"B14 6PR",86,44,42,43
"B14 6PS",56,29,27,30
"B14 6PT",82,35,47,36
"B14 6PU",46,22,24,31
"B14 6PX",49,25,24,18
"B14 6PY",29,12,17,13
"B14 6QA",24,9,15,13
"B14 6QB",37,16,21,23
"B14 6QD",69,38,31,29
"B14 6QE",59,28,31,22
"B14 6QF",107,49,58,33
"B14 6QG",36,12,24,17
"B14 6QL",73,33,40,38
"B14 6QN",96,52,44,42
"B14 6QP",36,21,15,16
"B14 6QR",132,56,76,60
"B14 6QS",42,18,24,18
"B14 6QT",80,32,48,36
"B14 6QU",6,2,4,3
"B14 6QX",85,33,52,48
"B14 6QY",108,54,54,41
"B14 6QZ",89,36,53,47
"B14 6RA",113,52,61,52
"B14 6RE",43,14,29,31
"B14 6RG",62,34,28,19
"B14 6RH",45,19,26,16
"B14 6RJ",54,26,28,16
"B14 6RL",73,39,34,27
"B14 6RN",15,7,8,4
"B14 6RP",70,31,39,38
"B14 6RQ",96,47,49,31
"B14 6RR",39,13,26,11
"B14 6RS",139,70,69,42
"B14 6RT",161,73,88,60
"B14 6RU",81,33,48,27
"B14 6RX",132,59,73,33
"B14 6RY",116,51,65,43
"B14 6SE",37,22,15,20
"B14 6SG",64,34,30,27
"B14 6SP",37,24,13,31
"B14 6SQ",65,41,24,23
"B14 6SR",46,25,21,9
"B14 6SS",44,24,20,17
"B14 6ST",73,33,40,30
"B14 6SW",37,14,23,32
"B14 6SX",64,30,34,23
"B14 6SY",52,29,23,19
"B14 6TA",17,8,9,12
"B14 6TD",36,15,21,16
"B14 6TF",84,36,48,30
"B14 6TG",65,26,39,31
"B14 6TH",80,41,39,31
"B14 6TJ",63,33,30,21
"B14 6TL",45,23,22,19
"B14 6TN",80,34,46,38
"B14 6TP",49,24,25,20
"B14 6TQ",29,14,15,13
"B14 6TR",105,52,53,33
"B14 6TT",90,43,47,39
"B14 6TU",61,28,33,27
"B14 6TW",45,23,22,16
"B14 6TX",28,17,11,6
"B14 6UB",75,36,39,31
"B14 6UD",94,48,46,31
"B14 6UE",21,9,12,11
"B14 6UF",46,25,21,16
"B14 7AA",18,8,10,10
"B14 7AD",12,8,4,5
"B14 7AE",32,14,18,18
"B14 7AG",15,8,7,5
"B14 7AH",159,79,80,53
"B14 7AJ",63,32,31,25
"B14 7AL",15,9,6,8
"B14 7AN",72,34,38,28
"B14 7AP",46,19,27,44
"B14 7AS",106,54,52,41
"B14 7AT",177,81,96,78
"B14 7AU",51,22,29,19
"B14 7AX",4,3,1,2
"B14 7BB",23,10,13,8
"B14 7BH",30,19,11,18
"B14 7BQ",7,2,5,4
"B14 7BT",3,0,3,1
"B14 7BU",40,22,18,18
"B14 7BW",1,1,0,1
"B14 7BX",12,7,5,9
"B14 7BZ",39,23,16,13
"B14 7DA",112,46,66,42
"B14 7DB",59,33,26,19
"B14 7DD",61,23,38,27
"B14 7DS",74,29,45,32
"B14 7DT",25,12,13,15
"B14 7DU",97,46,51,36
"B14 7DX",55,23,32,17
"B14 7DY",80,38,42,33
"B14 7ED",5,3,2,4
"B14 7EE",62,28,34,20
"B14 7EG",58,28,30,19
"B14 7EH",101,43,58,41
"B14 7EJ",17,7,10,7
"B14 7EN",140,78,62,49
"B14 7EP",93,50,43,37
"B14 7ER",129,74,55,43
"B14 7ES",112,52,60,47
"B14 7ET",86,41,45,42
"B14 7EU",90,42,48,37
"B14 7EW",116,69,47,43
"B14 7EX",105,54,51,47
"B14 7EY",49,24,25,23
"B14 7HE",65,29,36,30
"B14 7HG",57,28,29,28
"B14 7HH",41,16,25,16
"B14 7HJ",31,15,16,15
"B14 7HL",10,5,5,4
"B14 7HP",30,11,19,15
"B14 7HR",17,6,11,15
"B14 7HS",33,16,17,14
"B14 7HT",7,2,5,5
"B14 7HU",40,16,24,23
"B14 7HX",81,40,41,34
"B14 7HY",20,8,12,8
"B14 7JA",19,10,9,7
"B14 7JB",114,59,55,50
"B14 7JD",28,11,17,9
"B14 7JE",148,76,72,49
"B14 7JG",6,4,2,6
"B14 7JN",4,4,0,2
"B14 7JQ",14,12,2,5
"B14 7JT",13,5,8,6
"B14 7JZ",7,7,0,4
"B14 7LF",17,9,8,10
"B14 7LG",4,2,2,2
"B14 7LL",134,59,75,49
"B14 7LN",78,38,40,31
"B14 7LP",64,44,20,25
"B14 7LR",139,68,71,60
"B14 7LZ",14,7,7,9
"B14 7NA",2,1,1,1
"B14 7NB",59,25,34,25
"B14 7ND",73,31,42,23
"B14 7NE",28,12,16,13
"B14 7NG",66,27,39,47
"B14 7NH",52,28,24,17
"B14 7NL",27,14,13,12
"B14 7NN",43,24,19,28
"B14 7NP",7,4,3,2
"B14 7NR",99,48,51,33
"B14 7NS",70,37,33,29
"B14 7NU",78,44,34,58
"B14 7PA",28,16,12,11
"B14 7PB",23,13,10,6
"B14 7PD",12,5,7,5
"B14 7PE",35,21,14,12
"B14 7PG",42,21,21,17
"B14 7PH",44,22,22,20
"B14 7PJ",37,20,17,15
"B14 7PQ",31,15,16,12
"B14 7PR",49,21,28,15
"B14 7PS",53,21,32,31
"B14 7QA",105,57,48,42
"B14 7QD",68,37,31,21
"B14 7QE",19,9,10,6
"B14 7QG",46,22,24,14
"B14 7QH",7,4,3,3
"B14 7QL",29,15,14,10
"B14 7QN",105,52,53,43
"B14 7QP",33,17,16,18
"B14 7QQ",33,15,18,15
"B14 7QR",20,10,10,19
"B14 7QS",82,37,45,25
"B14 7QT",102,53,49,34
"B14 7QU",11,7,4,9
"B14 7QW",172,84,88,73
"B14 7QX",23,13,10,14
"B14 7QY",55,26,29,29
"B14 7QZ",9,6,3,6
"B14 7RA",63,33,30,24
"B14 7RH",76,31,45,42
"B14 7RJ",91,45,46,36
"B14 7RN",67,32,35,27
"B14 7RP",46,21,25,21
"B14 7RR",68,34,34,31
"B14 7RS",135,62,73,51
"B14 7RT",69,31,38,30
"B14 7RX",89,48,41,38
"B14 7RY",48,27,21,21
"B14 7RZ",62,29,33,30
"B14 7SA",15,11,4,9
"B14 7SB",16,8,8,9
"B14 7SD",120,48,72,51
"B14 7SE",48,22,26,26
"B14 7SF",21,10,11,12
"B14 7SG",60,27,33,29
"B14 7SR",139,71,68,47
"B14 7SS",115,60,55,38
"B14 7ST",68,32,36,39
"B14 7SU",156,71,85,39
"B14 7SW",5,2,3,2
"B14 7SX",58,30,28,24
"B14 7SY",90,43,47,38
"B14 7TA",55,23,32,20
"B14 7TB",92,53,39,33
"B14 7TD",50,21,29,25
"B14 7TE",81,46,35,28
"B14 7TF",60,32,28,26
"B14 7TG",47,22,25,21
"B14 7TH",42,19,23,27
"B14 7TJ",67,34,33,29
"B15 1AQ",4,3,1,4
"B15 1AS",1,1,0,1
"B15 1AY",5,4,1,4
"B15 1DA",4,4,0,3
"B15 1DT",1,1,0,1
"B15 1EG",8,5,3,8
"B15 1EH",38,19,19,32
"B15 1EJ",127,59,68,74
"B15 1EL",34,19,15,15
"B15 1EQ",53,21,32,29
"B15 1ET",2,1,1,1
"B15 1HB",89,43,46,45
"B15 1HD",98,49,49,50
"B15 1HE",86,45,41,43
"B15 1HF",82,39,43,44
"B15 1HN",18,11,7,6
"B15 1JB",10,5,5,3
"B15 1JD",1,1,0,1
"B15 1JN",57,26,31,24
"B15 1JP",2,1,1,1
"B15 1JR",6,3,3,4
"B15 1LA",1,1,0,1
"B15 1LD",60,39,21,26
"B15 1LH",107,72,35,79
"B15 1NE",290,132,158,0
"B15 1NH",293,165,128,0
"B15 1NJ",16,8,8,10
"B15 1NQ",6,1,5,1
"B15 1PJ",24,12,12,10
"B15 1PL",4,1,3,2
"B15 1PQ",63,33,30,34
"B15 1PT",57,26,31,20
"B15 1PU",52,27,25,20
"B15 1QJ",3,2,1,1
"B15 1QP",28,22,6,12
"B15 1QS",81,50,31,35
"B15 1SU",3,2,1,1
"B15 1TS",1,0,1,1
"B15 1UE",91,64,27,68
"B15 1UF",71,56,15,59
"B15 1UG",78,61,17,60
"B15 1UH",64,49,15,56
"B15 1UJ",66,40,26,54
"B15 1UQ",79,55,24,60
"B15 2AA",43,23,20,35
"B15 2AB",52,26,26,37
"B15 2AD",59,33,26,37
"B15 2AE",62,29,33,37
"B15 2AL",178,98,80,87
"B15 2AN",32,13,19,14
"B15 2AP",1,1,0,1
"B15 2AR",42,30,12,32
"B15 2AS",54,27,27,34
"B15 2AT",15,6,9,3
"B15 2AU",70,34,36,32
"B15 2AX",19,13,6,11
"B15 2AY",105,44,61,56
"B15 2BB",98,54,44,46
"B15 2BD",86,42,44,34
"B15 2BE",23,11,12,13
"B15 2BF",107,61,46,58
"B15 2BG",124,67,57,64
"B15 2BH",23,10,13,12
"B15 2BJ",69,34,35,39
"B15 2BL",137,67,70,52
"B15 2BN",59,35,24,27
"B15 2BP",53,28,25,19
"B15 2BQ",59,26,33,22
"B15 2BW",25,14,11,14
"B15 2BY",11,7,4,9
"B15 2DD",35,18,17,15
"B15 2DE",15,8,7,8
"B15 2DF",129,72,57,59
"B15 2DG",89,54,35,49
"B15 2DP",89,39,50,37
"B15 2DT",54,25,29,21
"B15 2DW",100,65,35,73
"B15 2DX",134,71,63,65
"B15 2DY",75,27,48,20
"B15 2EB",23,14,9,13
"B15 2EE",131,68,63,70
"B15 2EF",88,47,41,52
"B15 2EG",46,28,18,30
"B15 2EH",23,14,9,14
"B15 2EJ",63,20,43,23
"B15 2EL",69,32,37,23
"B15 2EN",82,44,38,48
"B15 2EP",35,19,16,11
"B15 2EQ",66,28,38,28
"B15 2ER",71,34,37,21
"B15 2ES",49,24,25,13
"B15 2ET",67,32,35,26
"B15 2EU",44,24,20,14
"B15 2EX",83,52,31,52
"B15 2EY",19,11,8,11
"B15 2FE",71,36,35,23
"B15 2FG",5,4,1,0
"B15 2GA",33,15,18,10
"B15 2GB",46,19,27,24
"B15 2GH",25,13,12,12
"B15 2HA",56,37,19,29
"B15 2HB",34,18,16,15
"B15 2HF",75,37,38,41
"B15 2HG",39,21,18,11
"B15 2HH",17,6,11,15
"B15 2HQ",38,20,18,33
"B15 2HR",15,10,5,6
"B15 2JD",29,17,12,12
"B15 2JF",24,9,15,7
"B15 2JG",65,38,27,36
"B15 2JH",21,11,10,8
"B15 2JJ",34,17,17,11
"B15 2JL",82,36,46,28
"B15 2JN",45,20,25,19
"B15 2JP",12,6,6,5
"B15 2JQ",45,29,16,30
"B15 2JR",31,12,19,14
"B15 2JT",26,15,11,12
"B15 2JU",7,3,4,4
"B15 2JW",26,12,14,9
"B15 2JX",64,32,32,33
"B15 2LA",27,14,13,11
"B15 2LB",57,29,28,18
"B15 2LD",32,17,15,13
"B15 2LF",28,15,13,9
"B15 2LG",8,3,5,5
"B15 2LH",112,63,49,55
"B15 2LJ",19,9,10,10
"B15 2LL",42,17,25,19
"B15 2LN",75,40,35,38
"B15 2LQ",51,22,29,31
"B15 2LR",59,30,29,30
"B15 2LS",26,14,12,8
"B15 2LT",25,12,13,5
"B15 2LW",43,26,17,28
"B15 2LX",54,29,25,21
"B15 2LY",103,52,51,63
"B15 2LZ",16,8,8,9
"B15 2NB",55,13,42,27
"B15 2ND",75,38,37,24
"B15 2NE",84,34,50,32
"B15 2NG",57,36,21,30
"B15 2NH",40,20,20,15
"B15 2NL",278,101,177,18
"B15 2NN",27,12,15,17
"B15 2NP",20,11,9,6
"B15 2NQ",47,27,20,22
"B15 2NR",20,10,10,7
"B15 2NU",20,12,8,12
"B15 2NX",66,25,41,20
"B15 2NY",78,42,36,50
"B15 2PD",25,13,12,8
"B15 2PE",34,17,17,6
"B15 2PG",43,20,23,15
"B15 2PH",51,27,24,16
"B15 2PJ",16,7,9,6
"B15 2PL",57,28,29,17
"B15 2PN",37,20,17,12
"B15 2PP",35,15,20,10
"B15 2PQ",21,13,8,5
"B15 2QB",26,14,12,8
"B15 2QD",3,2,1,1
"B15 2QE",24,15,9,12
"B15 2QG",29,9,20,1
"B15 2QH",47,25,22,16
"B15 2QJ",52,26,26,14
"B15 2QL",40,25,15,23
"B15 2QN",53,31,22,29
"B15 2QP",31,14,17,11
"B15 2QT",17,9,8,7
"B15 2QU",497,212,285,12
"B15 2QW",36,10,26,6
"B15 2QX",134,63,71,0
"B15 2RB",195,87,108,20
"B15 2RE",304,159,145,0
"B15 2RF",170,79,91,5
"B15 2RQ",767,397,370,4
"B15 2RS",8,5,3,5
"B15 2RT",2,1,1,1
"B15 2RU",480,194,286,15
"B15 2SA",3,2,1,1
"B15 2SB",7,3,4,2
"B15 2SH",57,35,22,42
"B15 2SJ",54,30,24,21
"B15 2SL",104,55,49,44
"B15 2SN",76,42,34,34
"B15 2SS",80,41,39,38
"B15 2ST",11,5,6,6
"B15 2SU",54,35,19,41
"B15 2SW",42,26,16,18
"B15 2SX",46,23,23,23
"B15 2SY",3,1,2,0
"B15 2TG",34,17,17,1
"B15 2TH",3,2,1,0
"B15 2TY",5,5,0,4
"B15 2UH",29,15,14,10
"B15 2UJ",18,9,9,10
"B15 2UN",18,10,8,9
"B15 2UP",14,6,8,8
"B15 2US",17,9,8,8
"B15 2UT",17,7,10,8
"B15 2UU",82,36,46,35
"B15 2UW",36,15,21,9
"B15 2UX",34,18,16,12
"B15 2UY",35,22,13,8
"B15 2XA",75,41,34,25
"B15 3ED",3,1,2,2
"B15 3EN",20,10,10,6
"B15 3ER",13,5,8,4
"B15 3ES",16,7,9,6
"B15 3HA",78,42,36,41
"B15 3HB",16,7,9,5
"B15 3HD",4,1,3,1
"B15 3HE",57,28,29,25
"B15 3HG",43,19,24,15
"B15 3HN",19,9,10,5
"B15 3HS",35,19,16,22
"B15 3JA",16,5,11,9
"B15 3JB",9,2,7,4
"B15 3JD",11,7,4,6
"B15 3JE",22,13,9,8
"B15 3JF",44,23,21,18
"B15 3JG",15,9,6,5
"B15 3JH",10,5,5,6
"B15 3JJ",36,15,21,19
"B15 3JN",12,6,6,4
"B15 3JP",37,18,19,14
"B15 3JQ",21,13,8,6
"B15 3JT",4,2,2,2
"B15 3JU",11,7,4,6
"B15 3JX",47,23,24,28
"B15 3JY",59,29,30,26
"B15 3LA",30,11,19,10
"B15 3LB",62,35,27,23
"B15 3LD",8,5,3,2
"B15 3LH",49,22,27,19
"B15 3LL",28,17,11,14
"B15 3LN",15,5,10,5
"B15 3LP",6,5,1,4
"B15 3LR",7,4,3,4
"B15 3LS",40,20,20,16
"B15 3LT",15,6,9,4
"B15 3LU",51,23,28,17
"B15 3LW",71,34,37,20
"B15 3LX",53,24,29,31
"B15 3NB",34,17,17,16
"B15 3ND",21,12,9,6
"B15 3NE",148,72,76,52
"B15 3NG",50,26,24,19
"B15 3NH",20,12,8,6
"B15 3NJ",14,7,7,5
"B15 3NL",37,18,19,9
"B15 3NN",68,28,40,25
"B15 3NP",17,8,9,5
"B15 3NR",27,13,14,12
"B15 3NS",39,20,19,13
"B15 3NT",64,34,30,22
"B15 3NU",24,11,13,11
"B15 3NW",37,19,18,14
"B15 3NX",43,20,23,11
"B15 3NY",58,31,27,21
"B15 3NZ",33,17,16,13
"B15 3PA",2,1,1,1
"B15 3PB",8,4,4,4
"B15 3PD",4,2,2,2
"B15 3PE",42,19,23,19
"B15 3PF",10,4,6,4
"B15 3PG",12,5,7,5
"B15 3PH",65,30,35,41
"B15 3PJ",51,22,29,24
"B15 3PN",31,12,19,10
"B15 3PP",24,15,9,14
"B15 3PQ",24,10,14,12
"B15 3PR",18,9,9,11
"B15 3PS",31,18,13,19
"B15 3PU",105,66,39,14
"B15 3PW",33,16,17,14
"B15 3PZ",35,17,18,15
"B15 3QB",20,12,8,7
"B15 3QD",23,4,19,2
"B15 3QE",20,8,12,6
"B15 3QF",47,24,23,13
"B15 3QG",57,29,28,21
"B15 3QH",35,21,14,9
"B15 3QJ",40,20,20,8
"B15 3QL",70,34,36,26
"B15 3QP",5,2,3,2
"B15 3QQ",39,22,17,13
"B15 3QR",54,31,23,27
"B15 3RA",69,39,30,14
"B15 3RB",48,23,25,14
"B15 3RD",39,18,21,13
"B15 3RE",29,16,13,14
"B15 3RH",22,11,11,9
"B15 3RJ",35,20,15,17
"B15 3RL",80,41,39,47
"B15 3RN",31,11,20,20
"B15 3RP",17,11,6,7
"B15 3RQ",18,5,13,5
"B15 3RR",20,11,9,6
"B15 3RS",42,23,19,26
"B15 3RT",34,16,18,20
"B15 3RU",53,27,26,30
"B15 3RW",19,7,12,8
"B15 3RX",33,17,16,19
"B15 3RY",35,18,17,21
"B15 3RZ",22,10,12,8
"B15 3SA",42,23,19,9
"B15 3SB",26,10,16,0
"B15 3SD",63,30,33,23
"B15 3SH",72,23,49,0
"B15 3SJ",7,3,4,2
"B15 3SR",34,17,17,6
"B15 3SS",199,83,116,0
"B15 3ST",4,3,1,2
"B15 3SX",296,129,167,0
"B15 3SZ",138,66,72,0
"B15 3TA",5,3,2,2
"B15 3TB",4,2,2,2
"B15 3TE",158,79,79,0
"B15 3TF",225,119,106,8
"B15 3TH",13,10,3,4
"B15 3TJ",19,8,11,7
"B15 3TL",14,7,7,9
"B15 3TN",134,23,111,0
"B15 3TP",32,15,17,17
"B15 3TQ",19,13,6,9
"B15 3TR",6,2,4,3
"B15 3TX",28,18,10,8
"B15 3TY",46,26,20,24
"B15 3UA",36,20,16,15
"B15 3UB",14,4,10,8
"B15 3UE",49,19,30,25
"B15 3UG",84,45,39,43
"B15 3UH",9,3,6,5
"B15 3UJ",41,20,21,23
"B15 3UL",39,25,14,14
"B15 3UN",6,2,4,2
"B15 3UP",56,27,29,19
"B15 3UR",20,8,12,8
"B15 3US",74,39,35,47
"B15 3XA",8,4,4,3
"B15 3XB",6,3,3,3
"B15 3XD",34,18,16,25
"B15 3XH",88,43,45,56
"B16 0AG",26,13,13,14
"B16 0AH",177,85,92,58
"B16 0AL",58,27,31,18
"B16 0AN",83,38,45,29
"B16 0AR",81,31,50,31
"B16 0AW",64,33,31,29
"B16 0AX",53,28,25,18
"B16 0AY",10,6,4,7
"B16 0AZ",15,8,7,7
"B16 0BB",31,14,17,12
"B16 0BD",66,31,35,23
"B16 0BJ",14,7,7,6
"B16 0BT",80,36,44,34
"B16 0DA",38,21,17,26
"B16 0DG",29,11,18,13
"B16 0DH",21,13,8,6
"B16 0DJ",23,15,8,12
"B16 0DL",134,65,69,56
"B16 0DQ",32,18,14,17
"B16 0DU",31,14,17,10
"B16 0DY",75,34,41,26
"B16 0ED",32,16,16,17
"B16 0EE",38,27,11,17
"B16 0EF",25,13,12,9
"B16 0EL",74,35,39,29
"B16 0EN",158,76,82,70
"B16 0EP",101,54,47,36
"B16 0ER",141,81,60,63
"B16 0ES",144,92,52,62
"B16 0ET",81,36,45,31
"B16 0EU",232,127,105,86
"B16 0EY",13,7,6,3
"B16 0EZ",117,57,60,43
"B16 0HD",16,10,6,4
"B16 0HG",229,118,111,71
"B16 0HH",131,71,60,26
"B16 0HJ",98,49,49,27
"B16 0HL",68,39,29,22
"B16 0HN",109,65,44,48
"B16 0HP",43,19,24,14
"B16 0HQ",132,72,60,47
"B16 0HR",103,46,57,24
"B16 0HS",52,25,27,19
"B16 0HT",42,20,22,9
"B16 0HU",137,72,65,34
"B16 0HX",69,34,35,19
"B16 0HY",120,58,62,26
"B16 0HZ",113,56,57,22
"B16 0JG",111,46,65,35
"B16 0JH",72,35,37,26
"B16 0JL",109,48,61,29
"B16 0JN",98,45,53,38
"B16 0JP",111,53,58,39
"B16 0JQ",139,66,73,41
"B16 0JR",42,19,23,11
"B16 0JS",114,55,59,34
"B16 0JT",71,36,35,28
"B16 0JU",34,17,17,9
"B16 0JX",186,90,96,44
"B16 0JY",155,72,83,52
"B16 0LA",150,65,85,35
"B16 0LB",156,86,70,41
"B16 0LD",62,35,27,13
"B16 0LH",128,80,48,42
"B16 0LJ",83,40,43,26
"B16 0LL",72,41,31,21
"B16 0LN",26,12,14,13
"B16 0LP",126,63,63,42
"B16 0LR",92,46,46,22
"B16 0LS",123,62,61,52
"B16 0LT",71,38,33,27
"B16 0LW",24,17,7,5
"B16 0NA",75,38,37,28
"B16 0NB",5,1,4,3
"B16 0NE",46,18,28,14
"B16 0NG",23,10,13,10
"B16 0NJ",56,23,33,19
"B16 0NL",85,49,36,39
"B16 0NN",168,95,73,42
"B16 0NP",110,56,54,36
"B16 0NR",46,24,22,15
"B16 0NS",49,25,24,14
"B16 0NT",101,49,52,34
"B16 0NU",104,49,55,34
"B16 0NW",99,56,43,34
"B16 0NX",27,13,14,11
"B16 0NY",43,22,21,13
"B16 0PA",133,68,65,36
"B16 0PB",14,6,8,5
"B16 0PD",108,49,59,33
"B16 0PE",1,0,1,1
"B16 0PF",202,92,110,69
"B16 0PG",100,54,46,40
"B16 0PN",33,18,15,15
"B16 0PT",22,11,11,8
"B16 0PU",38,15,23,13
"B16 0PW",139,72,67,55
"B16 0PX",17,9,8,4
"B16 0PY",9,2,7,2
"B16 0QE",65,35,30,22
"B16 0QG",29,15,14,7
"B16 0QH",35,18,17,11
"B16 0QJ",4,1,3,2
"B16 0QR",42,20,22,13
"B16 0QU",15,8,7,5
"B16 0QW",67,40,27,15
"B16 0RA",13,8,5,4
"B16 0RE",51,21,30,19
"B16 0RF",39,19,20,18
"B16 0RP",194,101,93,101
"B16 0RR",55,30,25,37
"B16 0RS",192,103,89,99
"B16 0RT",128,70,58,81
"B16 0RU",110,79,31,63
"B16 0RX",73,33,40,37
"B16 0RY",79,42,37,32
"B16 0RZ",49,32,17,15
"B16 0SG",21,11,10,6
"B16 0SH",31,14,17,10
"B16 0SJ",37,19,18,15
"B16 0SL",39,16,23,15
"B16 0SN",38,21,17,17
"B16 0SP",15,9,6,7
"B16 0SW",52,27,25,12
"B16 0SX",173,92,81,48
"B16 0TA",30,18,12,9
"B16 0TB",38,18,20,10
"B16 0TD",49,23,26,13
"B16 0TE",73,38,35,19
"B16 0TF",137,72,65,37
"B16 8AB",104,62,42,65
"B16 8AD",57,29,28,36
"B16 8AE",92,51,41,54
"B16 8AF",60,38,22,43
"B16 8AG",74,47,27,48
"B16 8AH",90,52,38,58
"B16 8AJ",25,11,14,13
"B16 8AL",73,32,41,29
"B16 8AN",52,30,22,17
"B16 8AT",80,50,30,51
"B16 8BA",56,29,27,19
"B16 8BB",106,53,53,47
"B16 8BD",8,5,3,7
"B16 8BP",59,26,33,24
"B16 8BS",41,23,18,26
"B16 8BZ",105,65,40,77
"B16 8DB",124,68,56,73
"B16 8DD",124,78,46,85
"B16 8DE",26,19,7,17
"B16 8DJ",24,14,10,10
"B16 8DN",15,12,3,0
"B16 8DP",211,100,111,67
"B16 8DS",81,52,29,45
"B16 8DT",74,46,28,46
"B16 8DU",29,13,16,11
"B16 8DX",164,78,86,58
"B16 8DY",49,25,24,18
"B16 8EA",16,11,5,6
"B16 8ED",18,7,11,6
"B16 8EE",20,8,12,9
"B16 8EG",14,5,9,6
"B16 8EJ",128,58,70,79
"B16 8EN",119,58,61,52
"B16 8EP",125,52,73,53
"B16 8EQ",77,46,31,39
"B16 8ER",129,52,77,60
"B16 8ET",8,4,4,4
"B16 8EU",53,36,17,30
"B16 8EW",145,65,80,63
"B16 8EX",37,22,15,24
"B16 8EY",60,31,29,29
"B16 8FF",35,24,11,20
"B16 8FJ",92,62,30,59
"B16 8FL",43,29,14,26
"B16 8FN",59,34,25,39
"B16 8FP",124,76,48,72
"B16 8FQ",113,72,41,79
"B16 8FR",17,8,9,12
"B16 8FS",115,60,55,82
"B16 8FT",121,72,49,87
"B16 8FW",72,36,36,39
"B16 8FX",66,35,31,37
"B16 8GY",120,61,59,75
"B16 8GZ",113,62,51,71
"B16 8HA",104,44,60,39
"B16 8HB",121,58,63,43
"B16 8HF",106,55,51,49
"B16 8HG",28,16,12,24
"B16 8HJ",32,18,14,21
"B16 8HN",63,32,31,22
"B16 8HQ",66,36,30,33
"B16 8HW",73,42,31,39
"B16 8HY",4,3,1,2
"B16 8HZ",52,30,22,31
"B16 8JB",117,61,56,78
"B16 8JD",65,27,38,29
"B16 8JE",52,32,20,34
"B16 8JG",62,29,33,25
"B16 8JH",61,29,32,20
"B16 8JJ",8,5,3,8
"B16 8JL",69,41,28,34
"B16 8JN",66,35,31,34
"B16 8JP",65,39,26,32
"B16 8JQ",55,27,28,22
"B16 8JR",51,23,28,31
"B16 8JS",12,3,9,4
"B16 8JT",118,64,54,77
"B16 8JW",67,35,32,35
"B16 8JZ",126,80,46,81
"B16 8LS",2,2,0,0
"B16 8LT",1,1,0,1
"B16 8LU",22,18,4,18
"B16 8NH",17,5,12,0
"B16 8RB",21,10,11,7
"B16 8RG",49,19,30,20
"B16 8RH",159,73,86,66
"B16 8RN",14,13,1,5
"B16 8RS",79,41,38,43
"B16 8RT",87,52,35,49
"B16 8RU",83,41,42,47
"B16 8RW",5,4,1,2
"B16 8RX",79,50,29,47
"B16 8SN",53,30,23,29
"B16 8SP",1,1,0,1
"B16 8SU",129,61,68,69
"B16 8SW",30,14,16,13
"B16 8SY",2,2,0,2
"B16 8TA",21,11,10,16
"B16 8TB",31,16,15,18
"B16 8TD",11,5,6,10
"B16 8TF",2,1,1,1
"B16 8UE",8,4,4,1
"B16 8UH",15,6,9,4
"B16 8UQ",26,18,8,10
"B16 8UR",3,2,1,1
"B16 8UU",65,36,29,28
"B16 8UZ",105,45,60,36
"B16 8XF",60,34,26,25
"B16 8XL",15,6,9,7
"B16 8XN",57,30,27,17
"B16 9AA",119,55,64,80
"B16 9AE",24,13,11,10
"B16 9AF",50,24,26,18
"B16 9AG",18,8,10,13
"B16 9AH",35,23,12,31
"B16 9AJ",3,2,1,3
"B16 9AL",65,38,27,31
"B16 9AQ",51,22,29,19
"B16 9BB",96,65,31,43
"B16 9BD",82,44,38,28
"B16 9BE",23,15,8,13
"B16 9BG",90,55,35,37
"B16 9BH",173,93,80,74
"B16 9BJ",132,80,52,53
"B16 9BL",88,52,36,42
"B16 9DA",104,55,49,36
"B16 9DB",18,7,11,7
"B16 9DE",15,11,4,10
"B16 9DF",93,43,50,37
"B16 9DG",5,2,3,4
"B16 9DJ",28,15,13,13
"B16 9DL",54,31,23,28
"B16 9DN",27,14,13,11
"B16 9DP",62,33,29,22
"B16 9DQ",41,20,21,11
"B16 9DR",72,27,45,22
"B16 9DS",35,12,23,11
"B16 9DT",47,25,22,28
"B16 9DU",94,30,64,30
"B16 9DW",2,0,2,2
"B16 9DX",100,52,48,34
"B16 9DY",51,28,23,22
"B16 9DZ",74,24,50,24
"B16 9EA",10,2,8,5
"B16 9EB",12,5,7,8
"B16 9ED",13,5,8,6
"B16 9EF",33,13,20,10
"B16 9EG",39,24,15,11
"B16 9EH",64,36,28,22
"B16 9EL",42,21,21,20
"B16 9EN",84,36,48,35
"B16 9EP",48,26,22,18
"B16 9EQ",49,32,17,27
"B16 9ER",38,23,15,15
"B16 9ES",125,66,59,41
"B16 9ET",29,20,9,9
"B16 9EU",69,38,31,24
"B16 9EW",7,1,6,3
"B16 9EX",31,16,15,12
"B16 9EY",23,15,8,10
"B16 9HN",4,1,3,2
"B16 9HR",90,42,48,33
"B16 9HS",146,93,53,61
"B16 9HU",85,50,35,44
"B16 9HX",67,31,36,44
"B16 9HY",66,41,25,38
"B16 9JA",38,18,20,25
"B16 9JB",100,52,48,51
"B16 9JD",31,22,9,25
"B16 9JH",104,53,51,45
"B16 9JJ",39,20,19,25
"B16 9JL",28,11,17,12
"B16 9JN",56,31,25,33
"B16 9JP",42,24,18,14
"B16 9JR",77,45,32,42
"B16 9JS",72,40,32,28
"B16 9JT",56,30,26,24
"B16 9JU",98,53,45,51
"B16 9LG",39,22,17,19
"B16 9LH",34,21,13,25
"B16 9LJ",204,109,95,133
"B16 9LL",125,73,52,78
"B16 9LN",47,25,22,24
"B16 9LP",49,38,11,32
"B16 9LQ",38,20,18,19
"B16 9LR",48,22,26,21
"B16 9LS",76,41,35,47
"B16 9LY",22,11,11,10
"B16 9NA",11,7,4,0
"B16 9NB",40,23,17,24
"B16 9ND",113,53,60,68
"B16 9NE",31,18,13,23
"B16 9NF",34,19,15,26
"B16 9NG",26,15,11,16
"B16 9NH",145,78,67,71
"B16 9NJ",30,14,16,19
"B16 9NL",3,3,0,3
"B16 9NQ",29,15,14,24
"B16 9NS",41,27,14,20
"B16 9NT",26,9,17,11
"B16 9NU",41,25,16,19
"B16 9NY",10,5,5,4
"B16 9PH",69,18,51,28
"B16 9PL",6,1,5,4
"B16 9PQ",16,8,8,10
"B16 9PS",75,40,35,33
"B16 9PT",26,12,14,11
"B16 9QU",151,74,77,49
"B16 9QX",75,41,34,18
"B16 9QY",40,21,19,18
"B16 9RA",2,2,0,1
"B16 9RD",4,2,2,3
"B16 9RE",19,11,8,12
"B16 9RH",7,2,5,2
"B16 9RJ",71,45,26,58
"B16 9RP",2,1,1,1
"B16 9RR",30,16,14,16
"B16 9SB",1,1,0,1
"B16 9SD",73,41,32,42
"B16 9SE",49,19,30,23
"B16 9SG",8,6,2,2
"B16 9SH",110,61,49,38
"B16 9SL",8,0,8,0
"B16 9SN",28,12,16,12
"B16 9SQ",108,53,55,46
"B16 9SS",43,23,20,17
"B16 9ST",100,58,42,55
"B16 9SU",82,50,32,51
"B16 9SX",13,7,6,5
"B16 9SZ",14,6,8,8
"B16 9TA",107,54,53,50
"B16 9TB",159,86,73,81
"B16 9TD",98,46,52,31
"B17 0AA",54,23,31,31
"B17 0AB",31,6,25,17
"B17 0AD",65,33,32,32
"B17 0AE",78,33,45,38
"B17 0AG",28,13,15,15
"B17 0AH",46,23,23,18
"B17 0AL",21,10,11,10
"B17 0AN",52,35,17,20
"B17 0AP",23,12,11,7
"B17 0AQ",85,40,45,53
"B17 0AR",1,1,0,1
"B17 0AS",26,15,11,9
"B17 0AT",25,14,11,15
"B17 0AU",25,13,12,10
"B17 0AX",20,5,15,12
"B17 0AY",69,43,26,39
"B17 0BA",45,23,22,17
"B17 0BB",19,9,10,13
"B17 0BE",29,19,10,15
"B17 0BG",9,5,4,8
"B17 0BJ",3,2,1,1
"B17 0BL",59,31,28,19
"B17 0BN",67,36,31,31
"B17 0BP",72,32,40,49
"B17 0BQ",31,16,15,20
"B17 0BS",28,8,20,1
"B17 0BT",28,13,15,12
"B17 0BX",8,5,3,3
"B17 0DB",65,32,33,26
"B17 0DE",80,30,50,33
"B17 0DH",14,5,9,5
"B17 0DJ",45,23,22,15
"B17 0DN",18,11,7,7
"B17 0DP",32,12,20,26
"B17 0DQ",22,10,12,7
"B17 0DR",14,9,5,10
"B17 0DS",32,17,15,13
"B17 0DT",16,8,8,10
"B17 0DW",70,30,40,61
"B17 0DZ",19,8,11,5
"B17 0ED",8,4,4,4
"B17 0EE",71,36,35,41
"B17 0EF",36,19,17,17
"B17 0EG",59,26,33,26
"B17 0EH",89,44,45,40
"B17 0EL",29,13,16,8
"B17 0EP",38,16,22,18
"B17 0EQ",13,6,7,6
"B17 0EU",86,38,48,34
"B17 0EX",8,3,5,6
"B17 0EY",32,14,18,14
"B17 0HA",45,23,22,17
"B17 0HB",16,11,5,5
"B17 0HG",52,19,33,30
"B17 0HH",71,31,40,35
"B17 0HL",6,2,4,4
"B17 0HP",3,2,1,1
"B17 0HQ",27,10,17,13
"B17 0HR",22,8,14,0
"B17 0HS",69,31,38,29
"B17 0HT",58,24,34,33
"B17 0HU",41,24,17,28
"B17 0HW",5,4,1,1
"B17 0HX",49,19,30,28
"B17 0HY",16,8,8,4
"B17 0JA",7,3,4,3
"B17 0JB",35,21,14,28
"B17 0JD",41,21,20,39
"B17 0JE",50,27,23,40
"B17 0JG",64,30,34,39
"B17 0JH",95,51,44,52
"B17 0JJ",88,52,36,51
"B17 0JL",68,29,39,31
"B17 0JN",92,48,44,41
"B17 0JP",12,5,7,6
"B17 0JR",30,14,16,9
"B17 0JS",49,20,29,26
"B17 0JT",40,17,23,17
"B17 0JU",20,11,9,11
"B17 0JW",21,10,11,10
"B17 0JX",72,39,33,29
"B17 0JY",55,40,15,43
"B17 0JZ",63,40,23,47
"B17 0LA",135,60,75,42
"B17 0LB",27,10,17,17
"B17 0LD",114,36,78,55
"B17 0LE",40,19,21,15
"B17 0LG",97,53,44,48
"B17 0LH",48,24,24,41
"B17 0LN",25,7,18,9
"B17 0LP",69,25,44,30
"B17 0LR",31,15,16,8
"B17 0LS",43,19,24,11
"B17 0LT",26,14,12,9
"B17 0LU",57,33,24,17
"B17 0LW",45,16,29,17
"B17 0LX",45,28,17,14
"B17 0LY",47,22,25,19
"B17 0NA",46,26,20,25
"B17 0NB",42,25,17,20
"B17 0ND",15,9,6,5
"B17 0NE",59,26,33,23
"B17 0NG",58,32,26,25
"B17 0NH",29,17,12,13
"B17 0NJ",90,40,50,35
"B17 0NL",45,17,28,17
"B17 0NN",34,14,20,13
"B17 0NQ",25,11,14,14
"B17 0NT",29,19,10,15
"B17 0NU",56,30,26,18
"B17 0NW",51,20,31,19
"B17 0NX",29,15,14,16
"B17 0NY",75,32,43,23
"B17 0NZ",32,19,13,17
"B17 0PA",10,6,4,6
"B17 0PB",113,52,61,48
"B17 0PD",71,35,36,32
"B17 0PE",134,63,71,58
"B17 0PG",96,51,45,41
"B17 0PH",2,1,1,1
"B17 0PJ",29,14,15,12
"B17 0PL",35,18,17,16
"B17 0PN",122,58,64,53
"B17 0PP",46,30,16,17
"B17 0PR",3,0,3,1
"B17 0PS",110,46,64,38
"B17 0PX",42,15,27,23
"B17 0PY",83,50,33,29
"B17 0QA",61,28,33,25
"B17 0QB",160,76,84,65
"B17 0QD",37,14,23,20
"B17 0QE",47,24,23,20
"B17 0QF",24,14,10,15
"B17 0QG",68,41,27,32
"B17 0QH",73,36,37,42
"B17 0QJ",167,84,83,61
"B17 0QL",115,53,62,49
"B17 0QN",43,24,19,21
"B17 0QP",22,13,9,14
"B17 0QQ",34,19,15,22
"B17 0QR",87,37,50,38
"B17 0QS",66,37,29,28
"B17 0QT",86,30,56,30
"B17 0QX",82,42,40,33
"B17 0RB",80,41,39,27
"B17 0RD",14,8,6,7
"B17 0RE",35,18,17,15
"B17 0RF",49,23,26,22
"B17 0RG",55,27,28,20
"B17 0RH",70,33,37,27
"B17 0RJ",79,37,42,29
"B17 0RL",58,23,35,22
"B17 0RN",37,19,18,16
"B17 0RP",36,18,18,17
"B17 0RR",46,26,20,24
"B17 0RS",51,23,28,21
"B17 0RT",45,20,25,18
"B17 0RU",45,22,23,14
"B17 0RX",53,21,32,21
"B17 0RY",64,31,33,22
"B17 0SA",27,14,13,11
"B17 0SB",50,24,26,30
"B17 0SD",42,16,26,19
"B17 0SE",40,19,21,25
"B17 0SG",12,7,5,6
"B17 0SJ",33,19,14,27
"B17 0SL",26,11,15,10
"B17 0SN",19,9,10,7
"B17 0SP",82,40,42,38
"B17 0SR",35,20,15,13
"B17 0SS",9,5,4,4
"B17 0ST",105,52,53,49
"B17 0SU",60,24,36,23
"B17 0SW",39,22,17,17
"B17 0SX",49,18,31,38
"B17 0SY",103,46,57,67
"B17 0TA",28,12,16,10
"B17 0TB",56,25,31,27
"B17 0TD",24,11,13,12
"B17 0TE",7,2,5,4
"B17 0TG",25,12,13,11
"B17 0TH",88,45,43,36
"B17 0TJ",50,25,25,23
"B17 0TL",74,36,38,33
"B17 0TN",71,31,40,30
"B17 0TP",55,31,24,24
"B17 0TR",67,30,37,30
"B17 0TS",52,28,24,20
"B17 8AB",10,2,8,2
"B17 8AD",22,12,10,7
"B17 8AE",15,7,8,4
"B17 8AG",4,2,2,2
"B17 8AH",28,14,14,8
"B17 8AJ",76,43,33,19
"B17 8AL",51,27,24,14
"B17 8AN",65,33,32,20
"B17 8AP",29,12,17,6
"B17 8AR",63,29,34,20
"B17 8AS",41,19,22,14
"B17 8AT",17,9,8,8
"B17 8AU",24,12,12,17
"B17 8AX",10,4,6,6
"B17 8AY",29,16,13,9
"B17 8BH",52,28,24,32
"B17 8BJ",37,22,15,9
"B17 8BL",95,55,40,39
"B17 8BU",25,15,10,14
"B17 8BY",28,10,18,11
"B17 8DB",17,10,7,4
"B17 8DD",25,11,14,8
"B17 8DE",38,20,18,22
"B17 8DG",4,3,1,1
"B17 8DH",29,14,15,19
"B17 8DJ",202,168,34,43
"B17 8DL",46,24,22,33
"B17 8DP",18,7,11,9
"B17 8DR",67,33,34,38
"B17 8DS",71,38,33,30
"B17 8DT",69,31,38,37
"B17 8DU",85,40,45,66
"B17 8EB",42,22,20,18
"B17 8ED",57,35,22,16
"B17 8EE",39,20,19,18
"B17 8EG",97,60,37,30
"B17 8EH",161,83,78,65
"B17 8EJ",35,18,17,15
"B17 8EL",44,24,20,18
"B17 8EN",81,36,45,26
"B17 8EP",124,65,59,34
"B17 8ER",132,81,51,49
"B17 8ES",103,56,47,37
"B17 8EU",141,70,71,49
"B17 8HA",25,10,15,8
"B17 8HB",10,3,7,6
"B17 8HD",71,36,35,21
"B17 8HE",68,38,30,24
"B17 8HG",77,37,40,24
"B17 8HH",70,30,40,21
"B17 8HJ",140,81,59,39
"B17 8HL",32,17,15,19
"B17 8HN",50,25,25,19
"B17 8HP",72,40,32,18
"B17 8HY",110,65,45,48
"B17 8JA",84,37,47,28
"B17 8JB",124,60,64,37
"B17 8JD",104,56,48,29
"B17 8JE",69,30,39,22
"B17 8JF",92,47,45,32
"B17 8JG",67,34,33,23
"B17 8JH",106,58,48,49
"B17 8JJ",75,35,40,30
"B17 8JL",125,65,60,53
"B17 8JN",104,51,53,41
"B17 8JP",100,48,52,41
"B17 8JR",97,45,52,33
"B17 8JS",120,62,58,51
"B17 8JT",109,58,51,41
"B17 8JU",26,10,16,10
"B17 8LD",128,66,62,40
"B17 8LE",7,6,1,1
"B17 8LG",34,21,13,12
"B17 8LH",48,19,29,10
"B17 8LL",66,36,30,30
"B17 8LN",97,56,41,43
"B17 8LP",168,84,84,41
"B17 8LR",86,40,46,20
"B17 8LS",26,15,11,3
"B17 8LT",118,59,59,45
"B17 8LU",98,47,51,31
"B17 8ND",23,13,10,13
"B17 8NG",72,35,37,34
"B17 8NJ",51,29,22,11
"B17 8NL",26,12,14,12
"B17 8NN",71,35,36,24
"B17 8NP",153,86,67,79
"B17 8NR",132,68,64,35
"B17 8NW",84,48,36,19
"B17 8PA",45,22,23,14
"B17 8PB",60,34,26,19
"B17 8PD",57,25,32,17
"B17 8PE",5,2,3,3
"B17 8PG",24,12,12,13
"B17 8PH",24,13,11,11
"B17 8PL",24,12,12,10
"B17 8PR",65,31,34,15
"B17 8PS",38,20,18,15
"B17 8PT",65,30,35,24
"B17 8PU",63,31,32,22
"B17 8PX",84,40,44,36
"B17 8PY",58,31,27,21
"B17 8QA",90,43,47,34
"B17 8QB",103,50,53,31
"B17 8QH",58,31,27,15
"B17 8QL",24,16,8,7
"B17 8QN",82,43,39,25
"B17 8QP",38,19,19,14
"B17 8QQ",10,7,3,4
"B17 8QR",26,10,16,13
"B17 8QS",69,37,32,22
"B17 8QW",47,24,23,16
"B17 8RA",48,24,24,13
"B17 8RB",37,19,18,13
"B17 8RD",90,45,45,27
"B17 8RE",95,47,48,27
"B17 8RG",46,23,23,17
"B17 8RH",42,22,20,15
"B17 8RJ",40,20,20,11
"B17 8RL",90,40,50,26
"B17 8RN",9,4,5,5
"B17 8RP",59,27,32,26
"B17 8RQ",52,27,25,15
"B17 8RR",61,28,33,25
"B17 8RS",14,8,6,8
"B17 8RU",17,11,6,7
"B17 8RX",17,7,10,10
"B17 8SA",12,7,5,3
"B17 8SB",8,3,5,3
"B17 8SD",30,15,15,12
"B17 8SE",48,23,25,24
"B17 8SG",18,9,9,5
"B17 8SH",13,6,7,5
"B17 8SJ",34,15,19,16
"B17 8SL",11,5,6,8
"B17 8SN",16,10,6,6
"B17 8SP",27,12,15,9
"B17 8SQ",12,6,6,5
"B17 8SR",18,7,11,11
"B17 8SS",25,10,15,10
"B17 8ST",13,6,7,6
"B17 8SU",14,7,7,6
"B17 8SW",50,25,25,20
"B17 8SX",59,34,25,26
"B17 8TA",64,34,30,28
"B17 8TB",34,14,20,15
"B17 8TD",47,21,26,36
"B17 8TG",12,7,5,9
"B17 8TH",30,13,17,23
"B17 8TL",13,5,8,6
"B17 8TN",35,18,17,16
"B17 8TP",10,6,4,3
"B17 8TQ",26,10,16,18
"B17 8TR",39,22,17,21
"B17 8TS",12,4,8,6
"B17 8TT",12,6,6,6
"B17 8TU",34,14,20,18
"B17 9AA",42,20,22,17
"B17 9AB",54,22,32,36
"B17 9AD",67,33,34,34
"B17 9AE",68,30,38,34
"B17 9AF",78,37,41,37
"B17 9AG",56,23,33,26
"B17 9AH",90,42,48,52
"B17 9AJ",35,15,20,13
"B17 9AL",101,46,55,45
"B17 9AN",120,66,54,52
"B17 9AP",62,28,34,38
"B17 9AR",30,14,16,10
"B17 9AS",43,26,17,10
"B17 9AW",40,15,25,24
"B17 9AX",2,2,0,0
"B17 9AY",120,62,58,54
"B17 9BE",54,23,31,17
"B17 9BG",56,20,36,20
"B17 9BH",48,31,17,15
"B17 9BJ",14,6,8,8
"B17 9BL",31,18,13,14
"B17 9BN",85,42,43,35
"B17 9BP",32,13,19,10
"B17 9BS",66,25,41,48
"B17 9BT",17,6,11,7
"B17 9BU",52,25,27,18
"B17 9BW",73,29,44,26
"B17 9BX",36,23,13,13
"B17 9BY",42,25,17,16
"B17 9DA",7,1,6,7
"B17 9DD",32,13,19,25
"B17 9DG",96,47,49,33
"B17 9DN",40,22,18,16
"B17 9DP",24,11,13,10
"B17 9DQ",48,26,22,16
"B17 9DR",26,12,14,10
"B17 9DS",43,20,23,16
"B17 9DT",29,14,15,18
"B17 9DU",33,20,13,18
"B17 9DX",9,6,3,5
"B17 9DY",4,3,1,2
"B17 9DZ",8,4,4,6
"B17 9EA",6,3,3,4
"B17 9EB",21,9,12,8
"B17 9ED",8,5,3,4
"B17 9EE",15,6,9,6
"B17 9EG",12,7,5,4
"B17 9EH",28,12,16,18
"B17 9EJ",24,10,14,15
"B17 9EL",6,3,3,3
"B17 9EN",70,33,37,29
"B17 9EP",48,25,23,27
"B17 9EQ",24,8,16,13
"B17 9ER",27,15,12,13
"B17 9EW",45,17,28,24
"B17 9EX",19,12,7,6
"B17 9EY",73,37,36,36
"B17 9GA",31,12,19,16
"B17 9HA",93,51,42,46
"B17 9HB",72,40,32,38
"B17 9HD",88,42,46,33
"B17 9HE",56,27,29,22
"B17 9HG",7,2,5,3
"B17 9HH",104,48,56,41
"B17 9HJ",67,32,35,26
"B17 9HL",63,32,31,28
"B17 9HN",56,26,30,24
"B17 9HP",16,7,9,14
"B17 9HR",25,10,15,11
"B17 9HS",80,42,38,29
"B17 9HT",7,2,5,4
"B17 9HU",12,5,7,5
"B17 9HW",38,16,22,24
"B17 9JA",46,23,23,16
"B17 9JB",35,16,19,14
"B17 9JG",37,20,17,13
"B17 9JH",38,17,21,22
"B17 9JJ",73,28,45,25
"B17 9JL",42,23,19,18
"B17 9JN",109,43,66,39
"B17 9JT",35,13,22,14
"B17 9JU",152,66,86,58
"B17 9JX",69,28,41,27
"B17 9JY",51,24,27,26
"B17 9LA",70,28,42,29
"B17 9LB",44,23,21,22
"B17 9LD",22,13,9,9
"B17 9LE",15,6,9,8
"B17 9LG",31,15,16,14
"B17 9LH",9,4,5,3
"B17 9LJ",59,29,30,34
"B17 9LL",20,10,10,10
"B17 9LN",104,46,58,67
"B17 9LP",61,32,29,26
"B17 9LQ",8,3,5,8
"B17 9LR",63,30,33,23
"B17 9LS",12,4,8,5
"B17 9LT",75,26,49,32
"B17 9LU",4,3,1,1
"B17 9LW",34,16,18,18
"B17 9LX",72,40,32,27
"B17 9LY",45,28,17,14
"B17 9LZ",68,27,41,41
"B17 9NE",46,16,30,36
"B17 9NJ",5,4,1,3
"B17 9NP",7,4,3,5
"B17 9NR",13,9,4,6
"B17 9NS",8,5,3,6
"B17 9NT",17,11,6,8
"B17 9NX",26,14,12,14
"B17 9NY",16,10,6,9
"B17 9PA",50,21,29,25
"B17 9PB",30,13,17,25
"B17 9PD",25,14,11,13
"B17 9PE",29,15,14,11
"B17 9PN",13,7,6,8
"B17 9PP",10,5,5,5
"B17 9PT",60,23,37,41
"B17 9PU",32,11,21,20
"B17 9PY",2,2,0,2
"B17 9QE",1,1,0,1
"B17 9QG",42,18,24,20
"B17 9QH",4,1,3,2
"B17 9QL",52,12,40,43
"B17 9QR",22,10,12,13
"B17 9QT",71,35,36,28
"B17 9QU",94,42,52,44
"B17 9QX",90,49,41,36
"B17 9QY",5,2,3,5
"B17 9QZ",7,4,3,2
"B17 9RA",17,7,10,6
"B17 9RD",107,36,71,67
"B17 9RE",58,34,24,25
"B17 9RF",13,6,7,11
"B17 9RJ",47,26,21,24
"B17 9RL",123,59,64,52
"B17 9RN",29,14,15,19
"B17 9RP",55,25,30,34
"B17 9RR",82,36,46,40
"B17 9RS",15,6,9,8
"B17 9RT",26,12,14,10
"B17 9RU",39,21,18,22
"B17 9SA",23,11,12,12
"B17 9SB",21,12,9,11
"B17 9SD",9,3,6,6
"B17 9SE",22,10,12,8
"B17 9SG",42,21,21,17
"B17 9SH",36,20,16,14
"B17 9SJ",69,33,36,26
"B17 9SL",60,26,34,24
"B17 9SN",27,12,15,11
"B17 9SP",19,12,7,6
"B17 9SR",32,12,20,21
"B17 9SS",76,34,42,32
"B17 9ST",52,25,27,29
"B17 9SU",57,24,33,23
"B17 9SX",43,22,21,16
"B17 9SY",75,34,41,24
"B17 9TA",30,12,18,10
"B17 9TB",67,36,31,28
"B17 9TD",22,10,12,11
"B17 9TF",13,7,6,4
"B17 9TG",30,17,13,0
"B17 9TH",52,28,24,29
"B17 9TJ",70,37,33,21
"B17 9TL",34,14,20,23
"B17 9TN",37,18,19,16
"B17 9TP",42,20,22,16
"B17 9TR",110,51,59,30
"B17 9TS",29,10,19,16
"B17 9TU",117,53,64,39
"B17 9TX",76,31,45,27
"B17 9TY",104,44,60,43
"B17 9TZ",56,32,24,21
"B17 9UA",29,16,13,10
"B17 9UB",31,16,15,12
"B17 9UD",51,24,27,20
"B18 4AG",14,8,6,6
"B18 4AH",26,11,15,8
"B18 4AQ",49,24,25,16
"B18 4AS",719,718,1,0
"B18 4BH",121,52,69,38
"B18 4BJ",206,90,116,14
"B18 4BL",39,14,25,16
"B18 4BN",129,53,76,47
"B18 4DA",155,64,91,40
"B18 4DD",41,19,22,15
"B18 4DE",46,21,25,25
"B18 4DF",34,20,14,15
"B18 4DG",112,52,60,34
"B18 4DH",19,8,11,6
"B18 4DJ",147,68,79,45
"B18 4DL",146,66,80,37
"B18 4DN",45,22,23,11
"B18 4DP",105,44,61,29
"B18 4DR",25,9,16,8
"B18 4DS",21,14,7,8
"B18 4DT",21,11,10,8
"B18 4DU",29,14,15,10
"B18 4DW",52,22,30,19
"B18 4DY",50,23,27,15
"B18 4DZ",43,19,24,11
"B18 4EE",3,2,1,1
"B18 4EJ",15,8,7,4
"B18 4EL",82,38,44,22
"B18 4EN",69,28,41,19
"B18 4EP",133,71,62,34
"B18 4ER",23,14,9,8
"B18 4ES",17,9,8,8
"B18 4ET",131,67,64,32
"B18 4EU",19,9,10,6
"B18 4EX",11,5,6,5
"B18 4EY",14,6,8,5
"B18 4EZ",212,106,106,64
"B18 4HA",10,4,6,3
"B18 4HB",13,9,4,6
"B18 4HD",25,17,8,13
"B18 4HE",8,7,1,3
"B18 4HF",24,13,11,12
"B18 4HH",39,17,22,18
"B18 4HJ",71,43,28,19
"B18 4HL",59,37,22,15
"B18 4HN",15,6,9,6
"B18 4HW",23,17,6,9
"B18 4JP",35,20,15,11
"B18 4JR",22,11,11,7
"B18 4JT",31,15,16,12
"B18 4JU",34,16,18,11
"B18 4JW",61,32,29,29
"B18 4JX",19,7,12,7
"B18 4JY",28,17,11,9
"B18 4LE",28,13,15,8
"B18 4LP",2,1,1,1
"B18 4LS",41,19,22,15
"B18 4LW",39,22,17,13
"B18 4LX",13,7,6,4
"B18 4LZ",107,55,52,40
"B18 4NA",10,1,9,5
"B18 4NB",100,48,52,38
"B18 4ND",74,38,36,31
"B18 4NE",60,27,33,27
"B18 4NF",87,42,45,34
"B18 4NG",44,21,23,19
"B18 4NH",86,49,37,38
"B18 4NQ",122,54,68,56
"B18 4PG",138,63,75,59
"B18 4PH",77,38,39,22
"B18 4PJ",168,69,99,64
"B18 4PL",161,75,86,65
"B18 4PN",99,48,51,33
"B18 4PP",92,54,38,39
"B18 4PR",114,57,57,37
"B18 4PT",37,23,14,9
"B18 4PU",32,16,16,8
"B18 4PW",101,47,54,34
"B18 4PX",92,41,51,38
"B18 4PY",125,58,67,42
"B18 4PZ",124,68,56,44
"B18 4QA",111,50,61,35
"B18 4QB",15,10,5,4
"B18 4QD",137,71,66,41
"B18 4QH",11,4,7,7
"B18 4QP",24,20,4,10
"B18 4QQ",37,19,18,11
"B18 4QR",40,23,17,14
"B18 4QS",44,19,25,18
"B18 4QT",23,13,10,10
"B18 4QU",26,15,11,10
"B18 4QW",21,12,9,15
"B18 4QX",57,30,27,20
"B18 4QY",19,9,10,8
"B18 4QZ",18,9,9,8
"B18 4RA",10,6,4,3
"B18 4RB",12,7,5,8
"B18 4RD",17,9,8,8
"B18 4RE",24,17,7,10
"B18 4RF",15,8,7,13
"B18 4RG",127,65,62,43
"B18 4RH",4,3,1,1
"B18 4RJ",14,8,6,11
"B18 5AN",1,1,0,1
"B18 5AQ",1,1,0,1
"B18 5AS",97,49,48,50
"B18 5AT",107,59,48,52
"B18 5BB",8,3,5,4
"B18 5BJ",38,17,21,10
"B18 5BN",10,4,6,3
"B18 5BP",99,47,52,29
"B18 5BT",22,10,12,6
"B18 5BU",14,5,9,6
"B18 5DB",106,55,51,45
"B18 5DG",75,35,40,37
"B18 5DH",59,31,28,18
"B18 5DJ",22,11,11,11
"B18 5DL",36,17,19,14
"B18 5DN",63,28,35,31
"B18 5DQ",50,23,27,25
"B18 5DS",16,8,8,4
"B18 5DX",36,14,22,18
"B18 5EB",19,8,11,7
"B18 5ED",18,7,11,4
"B18 5EW",16,9,7,6
"B18 5HA",73,36,37,30
"B18 5HB",1,1,0,1
"B18 5HE",4,2,2,1
"B18 5HH",90,42,48,42
"B18 5HJ",72,24,48,21
"B18 5HP",1,1,0,1
"B18 5HS",8,4,4,2
"B18 5JD",58,27,31,22
"B18 5JH",69,32,37,29
"B18 5JJ",3,3,0,1
"B18 5JP",180,97,83,49
"B18 5JR",92,42,50,24
"B18 5JS",26,11,15,7
"B18 5JT",43,26,17,12
"B18 5JU",78,32,46,29
"B18 5JX",26,13,13,7
"B18 5JY",65,26,39,25
"B18 5JZ",40,23,17,17
"B18 5LA",6,3,3,3
"B18 5LB",75,41,34,27
"B18 5LD",130,69,61,36
"B18 5LE",78,37,41,24
"B18 5LG",48,21,27,12
"B18 5NA",147,75,72,44
"B18 5NB",70,42,28,51
"B18 5ND",88,48,40,45
"B18 5NE",60,46,14,32
"B18 5NG",100,55,45,36
"B18 5NH",107,60,47,40
"B18 5NJ",4,3,1,3
"B18 5NQ",78,38,40,29
"B18 5NR",47,20,27,21
"B18 5NS",8,8,0,8
"B18 5NY",2,1,1,2
"B18 5PH",95,55,40,50
"B18 5PJ",96,55,41,54
"B18 5PL",151,72,79,45
"B18 5PN",26,12,14,13
"B18 5PW",20,8,12,14
"B18 5QG",47,20,27,17
"B18 5QH",106,57,49,41
"B18 5QJ",33,17,16,11
"B18 5QL",20,14,6,3
"B18 5QN",10,5,5,5
"B18 5QP",25,10,15,9
"B18 5QQ",94,48,46,38
"B18 5QR",17,11,6,6
"B18 5QS",101,52,49,40
"B18 5QT",45,20,25,14
"B18 5QU",23,12,11,12
"B18 5QX",25,17,8,15
"B18 5RA",55,26,29,18
"B18 5RB",49,21,28,19
"B18 5RD",54,26,28,22
"B18 5RH",62,31,31,25
"B18 5RJ",6,3,3,5
"B18 5RL",41,22,19,15
"B18 5RP",71,32,39,19
"B18 5RR",32,16,16,8
"B18 5RT",125,59,66,57
"B18 5RU",77,33,44,23
"B18 5RW",76,38,38,30
"B18 5RX",77,29,48,22
"B18 5RY",131,71,60,51
"B18 5SE",54,33,21,23
"B18 5SG",65,33,32,22
"B18 5SH",25,9,16,15
"B18 5SJ",20,10,10,8
"B18 5SL",126,62,64,48
"B18 5SN",65,28,37,25
"B18 5SP",52,23,29,23
"B18 5SQ",98,43,55,36
"B18 5TD",2,2,0,1
"B18 5TE",13,8,5,6
"B18 5TR",25,14,11,9
"B18 6AA",16,8,8,12
"B18 6AQ",3,0,3,1
"B18 6BB",78,48,30,42
"B18 6BF",50,30,20,31
"B18 6BG",67,46,21,41
"B18 6BN",79,46,33,46
"B18 6BP",68,33,35,40
"B18 6BT",61,31,30,41
"B18 6BU",70,36,34,45
"B18 6BW",6,2,4,3
"B18 6BX",105,59,46,58
"B18 6BY",107,42,65,54
"B18 6DD",10,3,7,4
"B18 6DU",1,1,0,1
"B18 6DX",23,16,7,16
"B18 6EJ",29,16,13,20
"B18 6EL",61,35,26,48
"B18 6EN",77,54,23,56
"B18 6ES",26,14,12,12
"B18 6EU",124,78,46,73
"B18 6HN",7,2,5,3
"B18 6HP",112,53,59,62
"B18 6HU",85,53,32,47
"B18 6JA",9,4,5,4
"B18 6JL",1,1,0,0
"B18 6JP",58,38,20,36
"B18 6JQ",2,2,0,2
"B18 6JT",33,17,16,19
"B18 6JW",2,2,0,2
"B18 6JZ",4,4,0,3
"B18 6LP",2,1,1,1
"B18 6ND",1,1,0,1
"B18 6NF",2,1,1,2
"B18 6NG",3,3,0,2
"B18 6NN",1,1,0,1
"B18 6NR",19,10,9,12
"B18 6NS",6,4,2,2
"B18 6NY",10,6,4,6
"B18 6NZ",42,25,17,30
"B18 6PJ",124,49,75,49
"B18 6PP",21,11,10,9
"B18 6PR",116,55,61,38
"B18 6PS",50,24,26,21
"B18 6PT",9,2,7,5
"B18 6PU",40,16,24,20
"B18 6QZ",1,0,1,1
"B18 6RZ",5,4,1,3
"B18 7AD",3,2,1,1
"B18 7AE",6,2,4,1
"B18 7AF",2,1,1,1
"B18 7AH",6,4,2,2
"B18 7AJ",4,3,1,2
"B18 7AS",61,28,33,23
"B18 7AU",105,52,53,39
"B18 7AX",106,40,66,36
"B18 7BA",12,7,5,4
"B18 7BJ",38,19,19,17
"B18 7BL",10,3,7,6
"B18 7BS",1,1,0,1
"B18 7BY",97,48,49,40
"B18 7DA",69,44,25,55
"B18 7DB",83,57,26,60
"B18 7DD",66,27,39,24
"B18 7DL",86,41,45,36
"B18 7DT",93,40,53,34
"B18 7DW",69,34,35,36
"B18 7DX",90,46,44,40
"B18 7DY",8,5,3,8
"B18 7DZ",27,7,20,12
"B18 7EE",65,26,39,22
"B18 7EN",28,10,18,6
"B18 7EP",6,2,4,3
"B18 7ER",34,16,18,14
"B18 7EW",113,54,59,43
"B18 7HD",66,20,46,29
"B18 7HE",47,22,25,25
"B18 7HF",8,5,3,2
"B18 7HH",51,21,30,18
"B18 7HJ",55,22,33,26
"B18 7HL",15,8,7,7
"B18 7HP",53,26,27,21
"B18 7HQ",8,4,4,1
"B18 7HR",39,14,25,12
"B18 7HS",9,5,4,5
"B18 7HT",18,9,9,10
"B18 7HU",10,2,8,4
"B18 7JA",111,47,64,51
"B18 7JB",50,20,30,14
"B18 7JG",25,12,13,10
"B18 7JH",10,9,1,7
"B18 7JJ",16,10,6,8
"B18 7JL",26,15,11,12
"B18 7JN",18,8,10,9
"B18 7JQ",12,7,5,7
"B18 7JS",3,2,1,2
"B18 7JT",17,8,9,11
"B18 7JU",27,16,11,10
"B18 7LA",28,19,9,13
"B18 7LB",56,31,25,19
"B18 7LD",56,31,25,47
"B18 7LE",88,38,50,32
"B18 7LF",33,16,17,15
"B18 7LG",47,21,26,13
"B18 7LH",18,7,11,8
"B18 7LN",9,3,6,3
"B18 7LQ",12,7,5,6
"B18 7LZ",95,45,50,37
"B18 7NY",53,23,30,21
"B18 7NZ",44,20,24,21
"B18 7PB",92,38,54,34
"B18 7PD",86,39,47,36
"B18 7PG",43,20,23,23
"B18 7PH",5,3,2,3
"B18 7PS",59,30,29,21
"B18 7PW",75,33,42,26
"B18 7PY",1,1,0,1
"B18 7QH",12,6,6,0
"B18 7QN",2,1,1,2
"B18 7QS",36,12,24,11
"B18 7QX",33,16,17,10
"B18 7QY",14,6,8,9
"B18 7RL",18,13,5,14
"B18 7RP",11,5,6,5
"B18 7RT",61,28,33,25
"B19 1AD",42,28,14,21
"B19 1AF",12,8,4,4
"B19 1AG",4,4,0,4
"B19 1AT",2,0,2,1
"B19 1AX",24,15,9,11
"B19 1AY",23,13,10,12
"B19 1BH",20,8,12,6
"B19 1BL",20,11,9,11
"B19 1BP",76,44,32,36
"B19 1BU",57,21,36,20
"B19 1BX",1,1,0,1
"B19 1DA",144,87,57,44
"B19 1DB",131,65,66,31
"B19 1DD",79,41,38,26
"B19 1DE",17,7,10,7
"B19 1DG",69,37,32,31
"B19 1DP",3,0,3,0
"B19 1DU",28,16,12,9
"B19 1DY",59,32,27,31
"B19 1EA",3,0,3,2
"B19 1EB",84,43,41,24
"B19 1ED",181,100,81,54
"B19 1EG",94,44,50,31
"B19 1EH",88,46,42,26
"B19 1EJ",28,16,12,8
"B19 1EL",83,38,45,38
"B19 1EN",28,15,13,8
"B19 1EP",119,60,59,36
"B19 1ES",67,30,37,11
"B19 1HA",39,16,23,11
"B19 1HB",94,61,33,22
"B19 1HD",19,10,9,8
"B19 1HE",63,33,30,24
"B19 1HF",9,5,4,3
"B19 1HG",40,23,17,10
"B19 1HH",149,75,74,40
"B19 1HJ",30,18,12,12
"B19 1HL",62,37,25,22
"B19 1HN",66,34,32,21
"B19 1HP",94,49,45,31
"B19 1HR",132,65,67,35
"B19 1HS",60,28,32,15
"B19 1HT",53,21,32,12
"B19 1HU",49,24,25,11
"B19 1HW",11,7,4,4
"B19 1HZ",71,39,32,45
"B19 1JB",11,9,2,8
"B19 1JD",75,43,32,43
"B19 1JF",84,44,40,17
"B19 1JG",79,47,32,19
"B19 1JH",137,66,71,33
"B19 1JJ",142,67,75,34
"B19 1JL",16,9,7,5
"B19 1JN",11,4,7,5
"B19 1JP",109,49,60,27
"B19 1JQ",3,2,1,2
"B19 1JR",103,49,54,22
"B19 1JS",29,15,14,6
"B19 1JT",17,10,7,7
"B19 1JU",143,64,79,33
"B19 1JW",54,28,26,16
"B19 1JX",22,7,15,8
"B19 1JY",43,23,20,12
"B19 1LA",115,56,59,29
"B19 1LB",65,37,28,18
"B19 1LH",105,43,62,37
"B19 1LL",75,44,31,27
"B19 1LP",67,52,15,46
"B19 1LR",17,12,5,10
"B19 1LS",24,12,12,10
"B19 1LT",130,60,70,42
"B19 1LU",99,45,54,25
"B19 1LX",26,14,12,8
"B19 1LY",66,33,33,15
"B19 1NA",133,74,59,24
"B19 1NB",107,56,51,23
"B19 1NH",34,26,8,16
"B19 1NL",24,15,9,12
"B19 1NN",68,33,35,17
"B19 1NP",97,44,53,20
"B19 1NS",67,37,30,48
"B19 1NT",154,74,80,39
"B19 1NU",27,14,13,12
"B19 1NX",116,63,53,31
"B19 1NY",5,3,2,2
"B19 1PA",48,26,22,10
"B19 1PJ",63,25,38,18
"B19 1PP",72,39,33,25
"B19 1PS",9,5,4,3
"B19 1PT",4,3,1,2
"B19 1PX",42,25,17,15
"B19 1PZ",40,22,18,14
"B19 1QA",45,21,24,11
"B19 1QB",7,3,4,3
"B19 1QH",141,64,77,36
"B19 1QJ",210,100,110,52
"B19 1QL",82,42,40,17
"B19 1QN",206,100,106,46
"B19 1QP",20,13,7,6
"B19 1QR",50,27,23,15
"B19 1QS",181,89,92,48
"B19 1QT",46,21,25,11
"B19 1QW",78,47,31,21
"B19 1QX",253,117,136,62
"B19 1QY",26,10,16,9
"B19 1RA",37,20,17,16
"B19 1RH",42,21,21,10
"B19 1RJ",24,14,10,10
"B19 1RL",141,73,68,44
"B19 1RN",54,36,18,16
"B19 1RP",25,14,11,9
"B19 1RR",50,30,20,30
"B19 1RS",114,64,50,34
"B19 1RT",90,47,43,26
"B19 1RU",65,32,33,16
"B19 1RW",51,26,25,19
"B19 1RX",142,72,70,29
"B19 1RY",59,25,34,20
"B19 1RZ",105,53,52,27
"B19 1SA",230,111,119,39
"B19 1SH",56,25,31,14
"B19 1SJ",126,54,72,46
"B19 1SL",112,54,58,52
"B19 1SU",47,32,15,20
"B19 1SW",63,30,33,15
"B19 1SY",53,24,29,15
"B19 1SZ",65,36,29,12
"B19 1TL",76,37,39,19
"B19 1TP",97,48,49,17
"B19 1TR",189,100,89,48
"B19 1TT",79,36,43,18
"B19 1TW",118,56,62,29
"B19 2AH",12,6,6,6
"B19 2AP",90,42,48,17
"B19 2AT",202,95,107,58
"B19 2AU",87,49,38,24
"B19 2AX",114,58,56,27
"B19 2AY",24,17,7,11
"B19 2AZ",105,58,47,24
"B19 2BA",211,96,115,47
"B19 2BB",173,85,88,43
"B19 2BD",154,74,80,41
"B19 2BP",72,33,39,19
"B19 2BS",46,25,21,16
"B19 2BZ",18,9,9,4
"B19 2DB",77,38,39,17
"B19 2DD",50,22,28,20
"B19 2DG",10,4,6,3
"B19 2DH",87,41,46,31
"B19 2DJ",33,17,16,10
"B19 2DL",52,25,27,10
"B19 2DN",35,13,22,12
"B19 2DR",131,69,62,38
"B19 2DT",43,18,25,12
"B19 2DW",87,38,49,32
"B19 2EL",73,34,39,26
"B19 2ER",19,9,10,8
"B19 2ET",20,12,8,14
"B19 2EU",5,3,2,1
"B19 2EX",16,8,8,9
"B19 2HA",13,5,8,6
"B19 2HB",26,13,13,6
"B19 2HD",96,39,57,31
"B19 2HE",63,25,38,14
"B19 2HF",30,14,16,9
"B19 2HG",35,16,19,7
"B19 2HN",3,1,2,1
"B19 2HS",167,77,90,43
"B19 2HT",108,60,48,28
"B19 2HU",137,61,76,40
"B19 2HX",172,80,92,44
"B19 2HY",72,37,35,25
"B19 2HZ",84,34,50,32
"B19 2JG",186,89,97,46
"B19 2JH",18,8,10,3
"B19 2JJ",26,16,10,6
"B19 2JP",30,17,13,8
"B19 2JQ",89,41,48,33
"B19 2JR",4,2,2,1
"B19 2JU",117,52,65,39
"B19 2JX",12,7,5,5
"B19 2LB",24,11,13,10
"B19 2LD",26,16,10,13
"B19 2LE",14,4,10,7
"B19 2LN",12,5,7,3
"B19 2LT",184,85,99,53
"B19 2LU",83,36,47,23
"B19 2LX",27,14,13,8
"B19 2LY",101,52,49,55
"B19 2LZ",106,57,49,62
"B19 2NH",15,8,7,4
"B19 2NJ",38,25,13,17
"B19 2NL",43,21,22,20
"B19 2NP",40,21,19,12
"B19 2NQ",20,10,10,5
"B19 2NR",20,10,10,8
"B19 2NS",117,57,60,38
"B19 2NT",90,46,44,37
"B19 2NU",116,56,60,37
"B19 2NX",26,13,13,10
"B19 2NY",15,5,10,8
"B19 2NZ",14,7,7,4
"B19 2PB",139,65,74,39
"B19 2PY",16,8,8,4
"B19 2QA",72,33,39,31
"B19 2QB",69,43,26,49
"B19 2QD",34,16,18,15
"B19 2QE",77,48,29,50
"B19 2QG",91,45,46,35
"B19 2QH",30,17,13,8
"B19 2QJ",93,52,41,50
"B19 2RA",108,50,58,34
"B19 2RH",73,41,32,35
"B19 2RJ",30,16,14,24
"B19 2RL",23,12,11,7
"B19 2RT",100,61,39,58
"B19 2SG",66,37,29,47
"B19 2SH",66,39,27,46
"B19 2SQ",78,50,28,43
"B19 2SS",4,2,2,1
"B19 2SW",7,3,4,4
"B19 2SX",32,19,13,16
"B19 2TA",42,18,24,11
"B19 2TB",10,5,5,2
"B19 2TN",3,3,0,1
"B19 2TP",5,3,2,2
"B19 2TR",3,3,0,2
"B19 2TS",3,2,1,1
"B19 2TX",1,1,0,1
"B19 2TZ",21,16,5,12
"B19 2UB",53,24,29,13
"B19 2UE",53,24,29,18
"B19 2UF",89,44,45,22
"B19 2UG",91,41,50,30
"B19 2UP",26,15,11,8
"B19 2UY",100,53,47,52
"B19 2UZ",101,52,49,51
"B19 2XA",91,49,42,51
"B19 2XB",113,57,56,38
"B19 2XD",71,32,39,24
"B19 2XH",42,16,26,17
"B19 2XJ",68,33,35,24
"B19 2XL",33,16,17,12
"B19 2XR",24,12,12,9
"B19 2XS",37,19,18,11
"B19 2XT",30,20,10,16
"B19 2XX",10,4,6,3
"B19 2XY",22,13,9,12
"B19 2YD",45,21,24,14
"B19 2YP",51,21,30,16
"B19 2YR",93,37,56,30
"B19 2YX",11,8,3,5
"B19 3AP",5,2,3,1
"B19 3AS",39,18,21,8
"B19 3AU",130,62,68,48
"B19 3AX",84,37,47,36
"B19 3AY",32,22,10,12
"B19 3AZ",59,27,32,11
"B19 3BA",5,2,3,4
"B19 3BB",84,41,43,38
"B19 3BL",81,42,39,23
"B19 3BN",78,35,43,27
"B19 3BP",66,30,36,28
"B19 3BS",69,33,36,26
"B19 3BT",138,61,77,44
"B19 3BU",33,18,15,12
"B19 3BW",32,13,19,11
"B19 3BX",143,71,72,44
"B19 3BY",118,57,61,45
"B19 3DA",111,56,55,35
"B19 3DP",4,4,0,1
"B19 3EB",1,1,0,1
"B19 3ES",93,40,53,34
"B19 3HD",14,11,3,6
"B19 3HL",1,1,0,1
"B19 3JG",1,1,0,1
"B19 3JH",71,42,29,40
"B19 3JJ",84,45,39,40
"B19 3JL",64,28,36,23
"B19 3JN",4,3,1,4
"B19 3JT",2,2,0,2
"B19 3LE",19,16,3,10
"B19 3LY",88,65,23,71
"B19 3LZ",93,69,24,78
"B19 3NR",3,2,1,1
"B19 3NY",1,0,1,1
"B19 3PD",16,3,13,9
"B19 3QG",5,4,1,2
"B19 3QL",3,2,1,1
"B19 3QN",1,1,0,1
"B19 3QP",6,3,3,1
"B19 3QZ",1,1,0,1
"B19 3RG",6,4,2,1
"B19 3RH",4,2,2,3
"B19 3RR",5,3,2,1
"B19 3SG",54,22,32,11
"B19 3SJ",662,334,328,20
"B19 3UA",8,4,4,5
"B19 3UB",82,49,33,70
"B19 3UJ",91,43,48,44
"B19 3UL",103,55,48,42
"B19 3UN",100,53,47,45
"B19 3UP",113,58,55,47
"B19 3UR",92,50,42,44
"B19 3UW",88,48,40,42
"B19 3XA",8,5,3,3
"B19 3XE",129,65,64,47
"B19 3XG",83,47,36,39
"B19 3XH",65,29,36,19
"B19 3XL",45,19,26,14
"B19 3XP",42,17,25,11
"B19 3XQ",68,31,37,19
"B2  4JD",1,1,0,1
"B2  4LP",1,1,0,1
"B2  4NS",352,204,148,252
"B2  4RN",29,20,9,25
"B2  4RQ",2,2,0,1
"B2  4RS",45,21,24,42
"B2  4SR",4,2,2,4
"B2  4UG",1,0,1,1
"B2  4XH",2,2,0,1
"B2  5AR",1,1,0,1
"B2  5BG",94,54,40,55
"B2  5DB",30,14,16,23
"B2  5DP",2,1,1,2
"B2  5EE",36,20,16,24
"B2  5EF",4,3,1,3
"B2  5HG",2,2,0,2
"B2  5HU",4,3,1,1
"B2  5RS",39,20,19,30
"B2  5SN",1,1,0,1
"B2  5TB",3,1,2,2
"B2  5TJ",2,1,1,1
"B20 1AA",12,5,7,7
"B20 1AB",14,5,9,12
"B20 1AD",90,28,62,41
"B20 1AG",26,19,7,18
"B20 1AH",65,31,34,24
"B20 1AJ",98,43,55,32
"B20 1AL",92,43,49,24
"B20 1AN",10,5,5,3
"B20 1AP",100,39,61,0
"B20 1AQ",67,39,28,50
"B20 1AR",73,33,40,19
"B20 1AS",161,84,77,39
"B20 1AT",87,45,42,24
"B20 1AU",64,33,31,15
"B20 1AX",101,52,49,28
"B20 1AY",66,35,31,18
"B20 1BA",15,8,7,5
"B20 1BB",134,67,67,48
"B20 1BD",25,12,13,8
"B20 1BE",111,57,54,77
"B20 1BG",51,26,25,34
"B20 1BH",39,17,22,9
"B20 1BJ",154,83,71,30
"B20 1BL",25,13,12,5
"B20 1BN",30,16,14,6
"B20 1BP",112,57,55,41
"B20 1BQ",59,35,24,48
"B20 1BS",87,43,44,30
"B20 1BT",32,18,14,9
"B20 1BU",43,20,23,12
"B20 1BX",37,17,20,14
"B20 1BY",2,1,1,2
"B20 1DA",21,9,12,6
"B20 1DB",20,12,8,8
"B20 1DD",59,26,33,15
"B20 1DE",33,17,16,10
"B20 1DF",47,22,25,15
"B20 1DG",26,12,14,4
"B20 1DJ",19,8,11,11
"B20 1DL",74,40,34,18
"B20 1DN",97,56,41,68
"B20 1DP",30,13,17,10
"B20 1DR",125,55,70,35
"B20 1DS",88,48,40,25
"B20 1DT",78,37,41,24
"B20 1DU",90,35,55,25
"B20 1DW",107,56,51,75
"B20 1DX",90,46,44,25
"B20 1DY",11,4,7,3
"B20 1EA",74,45,29,19
"B20 1EB",87,44,43,25
"B20 1ED",62,26,36,24
"B20 1EE",65,33,32,21
"B20 1EF",66,28,38,20
"B20 1EG",155,78,77,54
"B20 1EH",17,8,9,7
"B20 1EJ",112,52,60,44
"B20 1EL",95,49,46,37
"B20 1EN",86,42,44,32
"B20 1EP",75,37,38,24
"B20 1EQ",95,41,54,31
"B20 1ER",66,34,32,22
"B20 1ES",73,32,41,24
"B20 1ET",72,38,34,14
"B20 1EU",90,48,42,26
"B20 1EW",45,25,20,15
"B20 1EX",65,32,33,22
"B20 1EY",32,14,18,13
"B20 1HA",84,41,43,25
"B20 1HB",11,5,6,7
"B20 1HD",83,38,45,24
"B20 1HE",46,21,25,12
"B20 1HG",87,44,43,24
"B20 1HH",29,11,18,6
"B20 1HJ",153,72,81,46
"B20 1HL",24,12,12,7
"B20 1HP",62,30,32,42
"B20 1HR",38,15,23,11
"B20 1HS",48,20,28,19
"B20 1HT",36,15,21,12
"B20 1HU",14,9,5,4
"B20 1HY",143,72,71,43
"B20 1JA",51,30,21,13
"B20 1JB",18,7,11,6
"B20 1JD",40,20,20,12
"B20 1JE",57,28,29,12
"B20 1JG",30,17,13,13
"B20 1JH",34,15,19,11
"B20 1JJ",28,17,11,8
"B20 1JL",71,36,35,20
"B20 1JN",76,33,43,22
"B20 1JP",93,48,45,32
"B20 1JR",104,52,52,28
"B20 1JS",99,48,51,29
"B20 1JT",134,61,73,36
"B20 1JU",46,22,24,14
"B20 1JX",39,20,19,12
"B20 1LA",151,78,73,45
"B20 1LB",31,15,16,8
"B20 1LD",98,49,49,23
"B20 1LE",85,47,38,23
"B20 1LG",29,15,14,9
"B20 1LH",116,62,54,38
"B20 1LL",77,41,36,23
"B20 1LN",74,33,41,23
"B20 1LP",39,16,23,13
"B20 1LR",45,26,19,14
"B20 1LS",113,53,60,37
"B20 1LT",121,66,55,39
"B20 1LU",12,7,5,4
"B20 1LW",19,10,9,6
"B20 1LX",79,39,40,25
"B20 1LY",41,20,21,11
"B20 1NA",22,8,14,6
"B20 1NB",119,57,62,29
"B20 1ND",63,33,30,18
"B20 1NE",71,28,43,33
"B20 1NH",14,8,6,5
"B20 1NL",49,26,23,14
"B20 1NP",5,2,3,2
"B20 1NR",109,54,55,28
"B20 1NS",67,16,51,2
"B20 1NW",103,35,68,1
"B20 2AA",131,64,67,40
"B20 2AB",160,80,80,40
"B20 2AD",36,19,17,10
"B20 2AE",109,51,58,29
"B20 2AF",105,59,46,29
"B20 2AG",82,42,40,20
"B20 2AH",58,29,29,18
"B20 2AJ",89,45,44,35
"B20 2AL",62,34,28,21
"B20 2AN",69,34,35,27
"B20 2AP",95,49,46,31
"B20 2AQ",61,30,31,20
"B20 2AR",65,28,37,25
"B20 2AS",116,63,53,40
"B20 2AT",65,30,35,21
"B20 2AU",133,62,71,39
"B20 2AX",3,2,1,2
"B20 2BA",70,31,39,36
"B20 2BB",38,15,23,11
"B20 2BD",42,17,25,19
"B20 2BE",14,7,7,10
"B20 2BH",56,27,29,17
"B20 2BJ",83,48,35,18
"B20 2BL",2,1,1,1
"B20 2BN",10,3,7,3
"B20 2BP",44,15,29,18
"B20 2BQ",77,38,39,18
"B20 2BT",42,28,14,15
"B20 2BU",77,40,37,23
"B20 2BW",12,7,5,7
"B20 2BX",68,29,39,16
"B20 2BY",49,25,24,18
"B20 2BZ",121,59,62,37
"B20 2DA",93,48,45,35
"B20 2DB",147,83,64,45
"B20 2DG",7,3,4,5
"B20 2DH",87,50,37,34
"B20 2DJ",34,16,18,22
"B20 2DL",20,7,13,8
"B20 2DN",69,38,31,21
"B20 2DP",121,58,63,49
"B20 2DQ",56,31,25,30
"B20 2DR",56,33,23,30
"B20 2DS",60,30,30,32
"B20 2DT",81,43,38,29
"B20 2DU",79,49,30,36
"B20 2DW",117,67,50,50
"B20 2DY",75,35,40,20
"B20 2DZ",38,22,16,20
"B20 2EA",108,64,44,34
"B20 2EB",61,29,32,21
"B20 2ED",11,4,7,4
"B20 2EE",12,5,7,8
"B20 2EG",8,4,4,2
"B20 2EH",25,10,15,13
"B20 2EJ",24,10,14,13
"B20 2EP",60,27,33,17
"B20 2EQ",38,23,15,25
"B20 2ER",77,35,42,24
"B20 2ES",63,33,30,30
"B20 2ET",56,30,26,13
"B20 2EU",92,50,42,27
"B20 2EW",28,13,15,24
"B20 2EX",54,29,25,19
"B20 2EY",53,31,22,19
"B20 2EZ",25,14,11,16
"B20 2FE",33,15,18,24
"B20 2HA",43,25,18,12
"B20 2HD",62,30,32,20
"B20 2HE",95,47,48,26
"B20 2HF",20,9,11,4
"B20 2HJ",78,42,36,23
"B20 2HN",154,69,85,44
"B20 2HP",192,85,107,65
"B20 2HR",46,21,25,13
"B20 2HS",50,27,23,20
"B20 2HT",121,61,60,38
"B20 2HU",30,16,14,17
"B20 2HX",34,16,18,15
"B20 2HY",134,62,72,57
"B20 2HZ",117,52,65,40
"B20 2JA",22,12,10,7
"B20 2JB",24,12,12,9
"B20 2JD",49,23,26,10
"B20 2JE",78,42,36,21
"B20 2JF",121,66,55,42
"B20 2JG",92,54,38,34
"B20 2JH",38,21,17,10
"B20 2JJ",48,26,22,41
"B20 2JL",27,12,15,14
"B20 2JN",2,1,1,1
"B20 2JP",123,57,66,3
"B20 2JR",55,31,24,0
"B20 2JS",34,14,20,11
"B20 2JT",31,14,17,10
"B20 2JU",113,48,65,39
"B20 2JX",96,40,56,37
"B20 2JY",66,33,33,19
"B20 2JZ",70,31,39,20
"B20 2LA",114,52,62,25
"B20 2LB",94,49,45,28
"B20 2LD",107,54,53,26
"B20 2LE",69,35,34,16
"B20 2LG",120,61,59,43
"B20 2LH",58,28,30,16
"B20 2LJ",49,20,29,17
"B20 2LL",82,42,40,25
"B20 2LN",66,32,34,19
"B20 2LP",117,65,52,41
"B20 2LR",68,29,39,35
"B20 2LS",60,32,28,23
"B20 2LT",76,39,37,22
"B20 2LU",41,18,23,14
"B20 2LX",125,64,61,35
"B20 2LY",99,49,50,29
"B20 2LZ",36,12,24,15
"B20 2NA",67,37,30,23
"B20 2NB",76,35,41,22
"B20 2ND",132,66,66,36
"B20 2NE",100,52,48,30
"B20 2NG",78,33,45,23
"B20 2NH",70,35,35,20
"B20 2NP",65,32,33,18
"B20 2NQ",80,39,41,27
"B20 2NR",79,30,49,17
"B20 2NS",114,54,60,23
"B20 2NT",26,14,12,7
"B20 2NU",63,30,33,41
"B20 2NX",31,14,17,23
"B20 2NY",34,17,17,11
"B20 2NZ",30,18,12,17
"B20 2PA",37,19,18,9
"B20 2PB",48,19,29,13
"B20 2PD",34,17,17,26
"B20 2PE",11,3,8,7
"B20 2PF",17,6,11,10
"B20 2PG",41,20,21,11
"B20 2PH",45,23,22,11
"B20 2PJ",33,18,15,14
"B20 2PL",31,15,16,6
"B20 2PN",38,16,22,9
"B20 2PQ",89,45,44,35
"B20 2PS",179,104,75,82
"B20 2PU",16,11,5,3
"B20 2PX",84,40,44,21
"B20 2QB",100,46,54,28
"B20 2QD",90,38,52,20
"B20 2QH",14,10,4,2
"B20 2QJ",29,15,14,13
"B20 2QL",49,25,24,16
"B20 2QQ",53,30,23,17
"B20 2QR",105,59,46,52
"B20 2QS",39,27,12,30
"B20 2QT",26,10,16,9
"B20 2RA",5,5,0,2
"B20 2RB",48,32,16,19
"B20 2RD",55,30,25,13
"B20 2RE",136,74,62,65
"B20 2RF",11,6,5,4
"B20 2RH",36,15,21,8
"B20 2RJ",3,0,3,2
"B20 2RL",90,52,38,50
"B20 2RN",1,1,0,1
"B20 2RP",41,19,22,21
"B20 2RR",18,9,9,4
"B20 2RS",58,25,33,38
"B20 2RT",34,18,16,13
"B20 2RU",68,38,30,20
"B20 2RW",5,3,2,2
"B20 2RX",71,33,38,19
"B20 2RY",74,34,40,19
"B20 2RZ",53,28,25,33
"B20 2SA",66,34,32,33
"B20 2SB",49,25,24,19
"B20 2SD",72,43,29,30
"B20 2SE",76,32,44,31
"B20 2SH",37,14,23,14
"B20 2SJ",81,46,35,48
"B20 2SU",33,19,14,19
"B20 2SW",53,26,27,15
"B20 2SY",101,56,45,40
"B20 2SZ",92,47,45,22
"B20 2TD",71,34,37,41
"B20 3AA",64,30,34,19
"B20 3AD",160,71,89,36
"B20 3AE",13,7,6,5
"B20 3AF",83,42,41,21
"B20 3AG",116,65,51,24
"B20 3AH",148,61,87,33
"B20 3AJ",155,84,71,39
"B20 3AL",67,37,30,16
"B20 3AN",35,14,21,10
"B20 3AP",69,35,34,14
"B20 3AR",76,32,44,23
"B20 3AS",68,30,38,28
"B20 3AT",74,37,37,20
"B20 3AU",80,35,45,19
"B20 3AX",49,27,22,16
"B20 3AY",69,40,29,20
"B20 3BA",96,43,53,28
"B20 3BB",70,35,35,19
"B20 3BD",100,49,51,25
"B20 3BE",99,54,45,22
"B20 3BG",30,8,22,15
"B20 3BH",43,19,24,16
"B20 3BJ",13,7,6,5
"B20 3BN",94,38,56,28
"B20 3BP",11,9,2,3
"B20 3BQ",27,15,12,13
"B20 3BS",17,8,9,12
"B20 3BX",8,3,5,3
"B20 3DA",102,51,51,26
"B20 3DB",81,43,38,27
"B20 3DD",13,9,4,2
"B20 3DE",137,68,69,43
"B20 3DG",81,43,38,33
"B20 3DL",114,55,59,28
"B20 3DN",50,23,27,14
"B20 3DR",136,69,67,32
"B20 3DS",84,46,38,26
"B20 3DT",26,17,9,7
"B20 3DU",165,90,75,37
"B20 3DX",166,90,76,42
"B20 3DY",56,31,25,18
"B20 3EA",78,34,44,20
"B20 3EB",75,39,36,22
"B20 3ED",92,52,40,27
"B20 3EE",103,50,53,23
"B20 3EG",173,89,84,44
"B20 3EH",184,93,91,54
"B20 3EJ",20,10,10,3
"B20 3EL",75,42,33,22
"B20 3EN",99,44,55,29
"B20 3EP",35,15,20,7
"B20 3ER",65,36,29,20
"B20 3ES",120,58,62,29
"B20 3ET",10,4,6,3
"B20 3EU",119,64,55,27
"B20 3HA",89,53,36,28
"B20 3HE",100,57,43,24
"B20 3HG",152,78,74,40
"B20 3HH",89,50,39,21
"B20 3HJ",124,62,62,44
"B20 3HL",169,91,78,48
"B20 3HN",81,43,38,23
"B20 3HP",29,17,12,9
"B20 3HQ",150,81,69,44
"B20 3HR",68,41,27,19
"B20 3HS",54,35,19,13
"B20 3HT",61,31,30,20
"B20 3HU",62,23,39,18
"B20 3HW",79,38,41,25
"B20 3HX",62,32,30,22
"B20 3HY",30,11,19,7
"B20 3JE",5,5,0,3
"B20 3JG",10,5,5,4
"B20 3JH",81,47,34,26
"B20 3JJ",73,38,35,30
"B20 3JL",76,37,39,28
"B20 3JU",73,34,39,23
"B20 3JW",25,11,14,9
"B20 3LA",2,0,2,1
"B20 3LD",110,61,49,35
"B20 3LE",79,45,34,36
"B20 3LH",161,81,80,33
"B20 3LJ",99,39,60,26
"B20 3LL",54,29,25,15
"B20 3LN",89,47,42,21
"B20 3LP",75,41,34,21
"B20 3LR",94,53,41,30
"B20 3LS",98,49,49,33
"B20 3LT",121,59,62,42
"B20 3LU",131,62,69,34
"B20 3LX",96,51,45,27
"B20 3LY",105,52,53,36
"B20 3LZ",61,30,31,21
"B20 3NA",105,56,49,29
"B20 3NB",113,74,39,34
"B20 3ND",49,22,27,14
"B20 3NE",49,13,36,29
"B20 3NF",51,21,30,15
"B20 3NG",89,52,37,26
"B20 3NH",72,41,31,28
"B20 3NJ",39,23,16,16
"B20 3NL",47,24,23,18
"B20 3NN",34,19,15,17
"B20 3NP",81,48,33,36
"B20 3NR",67,32,35,21
"B20 3NS",81,43,38,25
"B20 3NT",6,4,2,6
"B20 3NU",59,29,30,20
"B20 3NW",82,47,35,25
"B20 3NZ",30,18,12,21
"B20 3PA",86,52,34,33
"B20 3PB",61,36,25,14
"B20 3PD",61,33,28,20
"B20 3PE",14,9,5,6
"B20 3PG",57,35,22,17
"B20 3PH",108,61,47,27
"B20 3PJ",171,88,83,50
"B20 3PL",111,58,53,43
"B20 3PN",122,66,56,29
"B20 3PP",85,48,37,23
"B20 3PR",135,61,74,38
"B20 3PS",123,61,62,33
"B20 3PT",98,42,56,35
"B20 3PU",125,57,68,45
"B20 3PX",39,21,18,17
"B20 3PY",103,55,48,32
"B20 3QD",99,49,50,29
"B20 3QE",86,42,44,36
"B20 3QG",81,42,39,37
"B20 3QJ",76,41,35,22
"B20 3QL",35,22,13,11
"B20 3QN",106,48,58,32
"B20 3QP",131,60,71,33
"B20 3QQ",2,1,1,1
"B20 3QR",39,17,22,9
"B20 3QS",131,65,66,40
"B20 3QT",82,43,39,22
"B20 3QU",52,30,22,15
"B20 3QX",68,38,30,19
"B20 3QY",122,67,55,28
"B20 3RA",74,37,37,23
"B20 3RB",107,63,44,36
"B20 3RD",89,43,46,21
"B20 3RE",127,68,59,35
"B20 3RF",48,24,24,13
"B20 3RG",42,18,24,17
"B20 3RJ",25,13,12,5
"B20 3RN",112,60,52,25
"B20 3RP",163,96,67,83
"B20 3RQ",107,57,50,33
"B20 3RR",170,96,74,65
"B20 3RS",142,74,68,33
"B20 3RT",138,71,67,51
"B20 3RU",6,5,1,4
"B20 3RW",138,61,77,30
"B20 3RX",128,68,60,36
"B20 3RY",73,31,42,23
"B20 3SA",17,6,11,7
"B20 3SB",35,16,19,14
"B20 3SD",11,10,1,9
"B20 3SE",136,62,74,34
"B20 3SG",72,41,31,25
"B20 3SH",81,40,41,18
"B20 3SP",80,54,26,35
"B20 3SR",139,78,61,58
"B20 3SS",18,14,4,4
"B20 3ST",91,52,39,18
"B20 3SU",92,49,43,20
"B20 3SX",72,38,34,15
"B20 3SY",76,41,35,15
"B20 3SZ",54,25,29,15
"B20 3TA",122,67,55,31
"B20 3TB",52,27,25,21
"B20 3TG",82,42,40,23
"B20 3TH",121,60,61,26
"B20 3TL",40,18,22,12
"B20 3TN",58,28,30,16
"B20 3TP",9,4,5,4
"B20 3TQ",71,35,36,26
"B20 3TR",60,30,30,16
"B20 3TS",8,4,4,3
"B20 3TT",129,59,70,34
"B20 3TU",66,24,42,19
"B20 3TX",108,60,48,34
"B20 3TY",50,22,28,18
"B20 3UB",21,8,13,9
"B20 3UD",81,41,40,18
"B20 3UE",87,42,45,29
"B20 3UG",43,21,22,17
"B21 0AB",28,14,14,12
"B21 0AP",27,15,12,10
"B21 0AR",138,71,67,52
"B21 0AS",39,20,19,13
"B21 0AT",109,55,54,42
"B21 0AU",41,18,23,21
"B21 0AW",12,6,6,4
"B21 0AX",117,58,59,40
"B21 0BA",30,15,15,12
"B21 0BB",140,70,70,50
"B21 0BD",24,15,9,7
"B21 0DA",110,52,58,35
"B21 0DB",3,2,1,3
"B21 0DD",87,39,48,38
"B21 0DE",80,38,42,29
"B21 0DG",51,22,29,17
"B21 0DH",56,20,36,21
"B21 0DJ",23,13,10,6
"B21 0DL",66,34,32,20
"B21 0DN",51,21,30,21
"B21 0DP",34,19,15,10
"B21 0DR",88,42,46,32
"B21 0DS",74,36,38,27
"B21 0EA",95,43,52,39
"B21 0EB",46,23,23,17
"B21 0ED",127,64,63,43
"B21 0EE",99,50,49,33
"B21 0EF",112,64,48,39
"B21 0EG",130,61,69,44
"B21 0EH",50,18,32,15
"B21 0EJ",32,14,18,12
"B21 0EL",39,23,16,15
"B21 0EN",131,66,65,34
"B21 0EP",83,45,38,27
"B21 0ER",96,43,53,26
"B21 0ES",96,49,47,28
"B21 0ET",85,48,37,28
"B21 0EU",56,24,32,20
"B21 0EW",41,25,16,12
"B21 0EX",85,43,42,27
"B21 0EY",116,59,57,37
"B21 0EZ",103,47,56,27
"B21 0HA",131,70,61,31
"B21 0HB",39,20,19,19
"B21 0HD",4,3,1,3
"B21 0HE",20,6,14,9
"B21 0HH",52,30,22,17
"B21 0HJ",127,62,65,32
"B21 0HL",54,31,23,15
"B21 0HN",24,12,12,8
"B21 0HP",55,26,29,27
"B21 0HR",111,52,59,38
"B21 0HS",90,47,43,35
"B21 0HT",14,4,10,8
"B21 0HU",44,20,24,20
"B21 0HX",53,20,33,16
"B21 0HY",99,45,54,28
"B21 0HZ",39,19,20,14
"B21 0JD",23,12,11,12
"B21 0JJ",89,42,47,33
"B21 0JL",14,8,6,6
"B21 0JP",6,2,4,6
"B21 0JS",23,9,14,9
"B21 0LA",8,5,3,4
"B21 0LG",14,6,8,6
"B21 0LH",76,39,37,46
"B21 0LS",31,22,9,18
"B21 0LT",6,2,4,2
"B21 0NA",10,7,3,5
"B21 0NG",14,10,4,5
"B21 0NH",71,39,32,37
"B21 0NL",43,16,27,11
"B21 0NP",73,31,42,28
"B21 0NQ",17,10,7,6
"B21 0PA",4,2,2,3
"B21 0PF",31,14,17,11
"B21 0PG",20,8,12,10
"B21 0PH",95,43,52,36
"B21 0PJ",33,17,16,15
"B21 0PL",83,36,47,37
"B21 0PN",60,25,35,18
"B21 0PP",107,54,53,36
"B21 0PU",43,25,18,23
"B21 0PX",15,7,8,7
"B21 0QD",121,59,62,32
"B21 0QE",124,65,59,40
"B21 0QG",86,40,46,30
"B21 0QH",28,13,15,6
"B21 0QJ",166,88,78,53
"B21 0QL",117,58,59,34
"B21 0QU",137,70,67,42
"B21 0QW",133,60,73,39
"B21 0QY",131,70,61,42
"B21 0RA",14,7,7,5
"B21 0RB",53,31,22,13
"B21 0RD",53,24,29,16
"B21 0RE",95,49,46,31
"B21 0RG",77,40,37,27
"B21 0RH",131,70,61,40
"B21 0RJ",140,68,72,43
"B21 0RL",151,70,81,50
"B21 0RN",8,4,4,3
"B21 0RS",100,45,55,43
"B21 0RW",80,45,35,22
"B21 0RY",20,14,6,8
"B21 0SA",43,20,23,18
"B21 0SB",42,22,20,18
"B21 0SD",84,40,44,25
"B21 0SE",67,33,34,23
"B21 0SF",23,12,11,6
"B21 0SG",7,4,3,2
"B21 0SH",16,10,6,8
"B21 0SJ",28,20,8,7
"B21 0SL",82,42,40,24
"B21 0SN",43,18,25,18
"B21 0SQ",25,12,13,10
"B21 0SU",72,33,39,21
"B21 0SX",29,18,11,12
"B21 0SY",112,62,50,33
"B21 0SZ",57,19,38,22
"B21 0TA",93,49,44,38
"B21 0TB",120,63,57,42
"B21 0TD",91,53,38,36
"B21 0TE",10,7,3,5
"B21 0TG",34,17,17,12
"B21 0TH",117,61,56,35
"B21 0TJ",29,15,14,12
"B21 0TL",34,24,10,12
"B21 0TN",21,11,10,7
"B21 0TP",112,55,57,36
"B21 0TQ",26,12,14,13
"B21 0TR",191,106,85,51
"B21 0TS",42,23,19,13
"B21 0TT",8,6,2,2
"B21 0TU",26,8,18,14
"B21 0TW",44,21,23,13
"B21 0UB",182,96,86,36
"B21 0UD",63,29,34,22
"B21 0UH",73,41,32,27
"B21 0UJ",25,13,12,4
"B21 0UL",86,47,39,20
"B21 0UN",111,54,57,34
"B21 0UP",75,38,37,25
"B21 0UQ",113,67,46,27
"B21 0UR",91,46,45,31
"B21 0US",106,52,54,34
"B21 0UT",91,43,48,34
"B21 0UU",46,27,19,13
"B21 0UX",3,1,2,1
"B21 8AA",98,45,53,28
"B21 8AB",79,38,41,23
"B21 8AD",85,41,44,28
"B21 8AE",72,36,36,27
"B21 8AG",50,30,20,17
"B21 8AH",158,73,85,66
"B21 8AJ",145,66,79,51
"B21 8AL",63,37,26,15
"B21 8AN",52,31,21,13
"B21 8AP",57,28,29,20
"B21 8AR",120,62,58,29
"B21 8AS",165,84,81,49
"B21 8AT",175,100,75,44
"B21 8AU",182,95,87,60
"B21 8AX",17,12,5,7
"B21 8BB",4,2,2,4
"B21 8BD",121,62,59,52
"B21 8BE",152,77,75,49
"B21 8BG",163,73,90,61
"B21 8BP",142,70,72,48
"B21 8BS",124,63,61,41
"B21 8BT",170,83,87,56
"B21 8BU",122,61,61,45
"B21 8BX",137,70,67,47
"B21 8BY",153,78,75,63
"B21 8DA",86,43,43,33
"B21 8DB",87,41,46,34
"B21 8DD",166,82,84,52
"B21 8DE",130,67,63,52
"B21 8DG",82,37,45,27
"B21 8DH",79,41,38,25
"B21 8DJ",90,41,49,33
"B21 8DL",164,85,79,41
"B21 8DN",97,49,48,31
"B21 8DW",156,70,86,50
"B21 8DX",97,44,53,37
"B21 8DY",100,46,54,38
"B21 8EA",105,52,53,39
"B21 8EB",72,42,30,38
"B21 8ED",60,25,35,20
"B21 8EE",83,41,42,26
"B21 8EF",133,70,63,45
"B21 8EG",86,35,51,32
"B21 8EP",81,40,41,31
"B21 8EQ",113,51,62,42
"B21 8ER",64,35,29,20
"B21 8ET",92,40,52,32
"B21 8EU",54,35,19,20
"B21 8EY",49,26,23,13
"B21 8EZ",31,12,19,13
"B21 8HA",118,55,63,44
"B21 8HB",77,40,37,31
"B21 8HH",26,15,11,6
"B21 8HJ",102,52,50,40
"B21 8HL",36,14,22,11
"B21 8HP",104,46,58,32
"B21 8HR",60,32,28,26
"B21 8HS",40,12,28,18
"B21 8HT",31,15,16,22
"B21 8JE",81,42,39,32
"B21 8JG",87,39,48,25
"B21 8JH",127,58,69,40
"B21 8JJ",150,78,72,39
"B21 8JL",141,68,73,44
"B21 8JN",24,10,14,8
"B21 8JP",164,88,76,48
"B21 8JQ",47,23,24,17
"B21 8JR",57,27,30,19
"B21 8JS",60,24,36,22
"B21 8JT",82,41,41,28
"B21 8JU",82,42,40,21
"B21 8JX",147,66,81,43
"B21 8JY",170,74,96,55
"B21 8JZ",102,40,62,35
"B21 8NA",98,40,58,26
"B21 8NB",86,40,46,21
"B21 8ND",91,46,45,29
"B21 8NG",22,11,11,5
"B21 8NH",34,16,18,8
"B21 8NJ",87,45,42,26
"B21 8NL",46,24,22,31
"B21 8NN",57,32,25,36
"B21 8NP",27,12,15,10
"B21 8NR",123,66,57,34
"B21 8NS",63,35,28,18
"B21 8NT",55,30,25,18
"B21 8NU",64,32,32,33
"B21 8NW",39,22,17,9
"B21 8NZ",18,4,14,17
"B21 8PD",152,70,82,42
"B21 8PE",93,48,45,24
"B21 8PF",126,64,62,35
"B21 8PG",138,69,69,37
"B21 8PH",47,21,26,16
"B21 8PJ",33,17,16,9
"B21 8PL",147,76,71,39
"B21 8PN",93,43,50,32
"B21 8PP",201,92,109,58
"B21 8PR",36,16,20,13
"B21 8PS",106,52,54,23
"B21 8PT",145,72,73,43
"B21 8PU",96,46,50,27
"B21 8PX",26,11,15,10
"B21 8PY",41,23,18,14
"B21 9AA",75,39,36,25
"B21 9AB",66,40,26,20
"B21 9AD",100,43,57,30
"B21 9AE",114,66,48,39
"B21 9AG",69,31,38,22
"B21 9AP",102,54,48,29
"B21 9AQ",66,36,30,20
"B21 9AR",15,7,8,10
"B21 9AS",131,63,68,34
"B21 9AT",135,72,63,38
"B21 9AU",102,57,45,23
"B21 9AX",144,77,67,37
"B21 9AY",222,129,93,48
"B21 9BA",149,80,69,34
"B21 9BB",53,24,29,15
"B21 9BH",6,5,1,1
"B21 9BN",6,5,1,4
"B21 9BP",17,12,5,6
"B21 9BQ",16,11,5,8
"B21 9BS",134,59,75,33
"B21 9BT",76,34,42,21
"B21 9BU",155,92,63,50
"B21 9BX",76,39,37,20
"B21 9BY",9,3,6,3
"B21 9DA",26,13,13,7
"B21 9DB",16,10,6,3
"B21 9DD",91,45,46,23
"B21 9DE",101,54,47,27
"B21 9DF",123,61,62,27
"B21 9DG",32,16,16,8
"B21 9DH",78,39,39,19
"B21 9DJ",58,30,28,16
"B21 9DP",11,5,6,4
"B21 9DT",48,29,19,11
"B21 9DU",101,55,46,29
"B21 9DX",54,29,25,10
"B21 9DY",86,45,41,30
"B21 9DZ",148,72,76,37
"B21 9EA",91,38,53,22
"B21 9EB",79,43,36,25
"B21 9ED",127,61,66,33
"B21 9EE",126,65,61,33
"B21 9EG",133,67,66,39
"B21 9EN",5,2,3,3
"B21 9EP",53,33,20,16
"B21 9EQ",114,47,67,37
"B21 9ES",8,8,0,4
"B21 9EU",50,28,22,17
"B21 9EX",73,34,39,30
"B21 9HA",31,13,18,13
"B21 9HD",20,9,11,6
"B21 9HE",23,12,11,8
"B21 9HF",32,18,14,8
"B21 9HG",160,83,77,55
"B21 9HH",145,68,77,40
"B21 9HQ",109,61,48,31
"B21 9HT",182,81,101,42
"B21 9HU",13,7,6,3
"B21 9HX",144,73,71,44
"B21 9HY",117,70,47,32
"B21 9JA",42,26,16,17
"B21 9JB",180,87,93,58
"B21 9JD",150,81,69,46
"B21 9JE",111,64,47,33
"B21 9JG",183,91,92,42
"B21 9JH",78,35,43,24
"B21 9JP",115,56,59,36
"B21 9JQ",135,72,63,37
"B21 9JR",147,72,75,47
"B21 9JS",54,31,23,19
"B21 9JT",119,61,58,34
"B21 9JU",104,70,34,31
"B21 9JX",114,60,54,50
"B21 9JY",113,66,47,42
"B21 9JZ",70,30,40,16
"B21 9LA",75,36,39,24
"B21 9LB",164,78,86,41
"B21 9LE",7,3,4,4
"B21 9LG",107,63,44,43
"B21 9LQ",144,67,77,37
"B21 9LR",5,3,2,4
"B21 9LX",3,2,1,2
"B21 9NA",3,3,0,1
"B21 9NB",32,15,17,10
"B21 9NE",97,55,42,23
"B21 9NG",82,41,41,28
"B21 9NJ",8,4,4,5
"B21 9NL",31,14,17,14
"B21 9NN",76,49,27,37
"B21 9NQ",187,107,80,56
"B21 9NS",90,52,38,33
"B21 9NT",140,69,71,33
"B21 9NU",127,71,56,33
"B21 9NX",121,54,67,38
"B21 9NY",127,57,70,39
"B21 9NZ",86,46,40,34
"B21 9PA",100,52,48,36
"B21 9PB",24,10,14,12
"B21 9PD",19,10,9,7
"B21 9PE",71,25,46,35
"B21 9PG",55,25,30,13
"B21 9PH",58,27,31,19
"B21 9PN",52,28,24,15
"B21 9PP",2,1,1,1
"B21 9PQ",21,11,10,6
"B21 9PS",3,1,2,2
"B21 9PT",14,7,7,4
"B21 9PU",15,7,8,5
"B21 9PW",74,36,38,21
"B21 9PX",16,9,7,6
"B21 9PY",19,14,5,9
"B21 9QA",127,66,61,39
"B21 9QB",70,33,37,17
"B21 9QD",105,51,54,40
"B21 9QE",120,58,62,42
"B21 9QG",86,51,35,32
"B21 9QL",18,9,9,6
"B21 9QP",24,11,13,7
"B21 9QS",73,37,36,15
"B21 9QT",35,18,17,12
"B21 9QU",71,36,35,24
"B21 9QX",23,13,10,12
"B21 9QY",3,1,2,2
"B21 9QZ",18,10,8,8
"B21 9RE",78,43,35,27
"B21 9RG",87,47,40,35
"B21 9RH",34,12,22,10
"B21 9RJ",99,52,47,46
"B21 9RL",79,44,35,32
"B21 9RQ",119,59,60,42
"B21 9RS",16,8,8,5
"B21 9RY",2,1,1,1
"B21 9SA",8,4,4,4
"B21 9SE",11,8,3,7
"B21 9SF",13,7,6,4
"B21 9SN",4,2,2,1
"B21 9SP",10,7,3,5
"B21 9ST",22,18,4,10
"B21 9SU",12,5,7,1
"B21 9SX",2,1,1,2
"B23 5AA",41,17,24,14
"B23 5AB",26,15,11,10
"B23 5AD",65,34,31,27
"B23 5AE",67,27,40,30
"B23 5AF",34,15,19,18
"B23 5AG",39,14,25,16
"B23 5AH",94,46,48,41
"B23 5AJ",24,14,10,9
"B23 5AL",44,22,22,18
"B23 5AN",31,15,16,9
"B23 5AP",37,21,16,16
"B23 5AQ",16,5,11,6
"B23 5AR",33,17,16,14
"B23 5AS",36,17,19,15
"B23 5AT",6,2,4,4
"B23 5AU",74,35,39,19
"B23 5AW",44,23,21,21
"B23 5AY",12,4,8,5
"B23 5BA",10,1,9,2
"B23 5BB",49,21,28,15
"B23 5BD",26,10,16,7
"B23 5BG",70,34,36,25
"B23 5BL",3,1,2,2
"B23 5BN",5,4,1,4
"B23 5BP",74,40,34,28
"B23 5BQ",6,2,4,2
"B23 5BS",66,22,44,27
"B23 5BU",7,2,5,5
"B23 5BW",17,8,9,8
"B23 5BX",42,16,26,5
"B23 5BY",89,48,41,32
"B23 5BZ",30,12,18,18
"B23 5DA",49,24,25,24
"B23 5DB",97,41,56,46
"B23 5DE",65,37,28,33
"B23 5DF",128,66,62,55
"B23 5DG",18,9,9,6
"B23 5DH",35,16,19,14
"B23 5DJ",29,13,16,16
"B23 5DN",51,22,29,26
"B23 5DP",126,59,67,74
"B23 5DQ",23,11,12,9
"B23 5DR",40,18,22,25
"B23 5DS",86,40,46,52
"B23 5DT",50,22,28,14
"B23 5DU",35,15,20,11
"B23 5DW",24,11,13,11
"B23 5DX",52,21,31,20
"B23 5DY",38,19,19,16
"B23 5EA",102,53,49,39
"B23 5EB",55,26,29,18
"B23 5ED",91,44,47,40
"B23 5EE",14,6,8,5
"B23 5EF",81,42,39,30
"B23 5EG",125,63,62,49
"B23 5EH",55,29,26,27
"B23 5EJ",44,18,26,23
"B23 5EL",61,32,29,25
"B23 5EN",67,31,36,31
"B23 5EP",49,19,30,17
"B23 5ER",32,16,16,16
"B23 5ES",22,13,9,11
"B23 5ET",52,26,26,26
"B23 5EU",26,10,16,22
"B23 5EX",17,9,8,6
"B23 5EY",106,45,61,42
"B23 5EZ",53,22,31,23
"B23 5FD",19,8,11,12
"B23 5FE",38,19,19,18
"B23 5FF",46,25,21,19
"B23 5FG",16,9,7,7
"B23 5FJ",26,11,15,8
"B23 5FL",32,15,17,11
"B23 5FN",6,2,4,3
"B23 5GA",44,12,32,38
"B23 5GB",5,2,3,3
"B23 5GD",37,19,18,15
"B23 5GE",28,16,12,9
"B23 5GF",43,24,19,14
"B23 5GG",44,20,24,19
"B23 5GH",65,19,46,46
"B23 5GJ",66,26,40,53
"B23 5GL",65,23,42,47
"B23 5GN",72,29,43,52
"B23 5GP",25,9,16,18
"B23 5GQ",43,14,29,33
"B23 5GR",3,1,2,2
"B23 5HA",79,32,47,30
"B23 5HB",10,4,6,4
"B23 5HD",104,50,54,43
"B23 5HE",28,12,16,10
"B23 5HF",16,7,9,7
"B23 5HG",77,39,38,35
"B23 5HH",54,27,27,29
"B23 5HJ",20,7,13,5
"B23 5HL",33,13,20,11
"B23 5HN",42,23,19,12
"B23 5HP",69,34,35,27
"B23 5HQ",81,41,40,45
"B23 5HR",35,15,20,18
"B23 5HS",82,39,43,30
"B23 5HT",25,10,15,10
"B23 5HU",84,35,49,31
"B23 5HW",39,14,25,16
"B23 5HX",46,22,24,21
"B23 5HY",16,7,9,6
"B23 5JB",42,20,22,14
"B23 5JD",44,24,20,21
"B23 5JF",43,20,23,28
"B23 5JG",19,8,11,8
"B23 5JJ",65,27,38,25
"B23 5JL",16,9,7,7
"B23 5JN",78,40,38,32
"B23 5JP",81,44,37,29
"B23 5JQ",62,29,33,17
"B23 5JR",52,23,29,29
"B23 5JS",64,35,29,26
"B23 5JT",40,19,21,19
"B23 5JU",35,17,18,16
"B23 5JW",22,9,13,14
"B23 5JX",97,46,51,43
"B23 5JY",15,5,10,11
"B23 5LD",17,8,9,7
"B23 5LE",29,16,13,10
"B23 5LF",91,42,49,35
"B23 5LG",83,41,42,38
"B23 5LH",56,30,26,21
"B23 5LJ",94,51,43,35
"B23 5LL",95,52,43,39
"B23 5LN",158,77,81,61
"B23 5LP",76,37,39,29
"B23 5LQ",47,22,25,24
"B23 5LR",79,33,46,32
"B23 5LS",43,19,24,20
"B23 5LT",53,29,24,21
"B23 5LW",70,35,35,34
"B23 5LX",26,15,11,9
"B23 5LY",59,28,31,18
"B23 5ND",103,43,60,46
"B23 5NE",183,86,97,65
"B23 5NG",38,19,19,17
"B23 5NH",70,34,36,24
"B23 5NJ",36,16,20,14
"B23 5NL",55,27,28,26
"B23 5NN",108,51,57,39
"B23 5NP",28,13,15,16
"B23 5NQ",43,24,19,16
"B23 5NR",51,30,21,21
"B23 5NS",96,46,50,38
"B23 5NT",77,34,43,33
"B23 5NU",96,47,49,31
"B23 5NX",124,56,68,44
"B23 5NY",24,11,13,10
"B23 5PA",82,47,35,35
"B23 5PD",77,41,36,40
"B23 5PE",103,48,55,42
"B23 5PF",26,13,13,14
"B23 5PG",16,8,8,8
"B23 5PH",47,22,25,21
"B23 5PN",80,39,41,29
"B23 5PP",40,18,22,16
"B23 5PR",22,12,10,11
"B23 5PS",73,37,36,31
"B23 5PT",52,28,24,14
"B23 5PU",138,56,82,44
"B23 5PW",75,36,39,32
"B23 5PX",51,21,30,20
"B23 5PY",56,32,24,32
"B23 5PZ",47,28,19,33
"B23 5QA",33,19,14,16
"B23 5QB",48,23,25,18
"B23 5QD",58,26,32,22
"B23 5QE",53,27,26,22
"B23 5QF",102,48,54,48
"B23 5QG",42,22,20,23
"B23 5QH",37,18,19,15
"B23 5QJ",60,33,27,30
"B23 5QL",41,22,19,38
"B23 5QN",40,18,22,20
"B23 5QP",53,26,27,26
"B23 5QQ",77,37,40,35
"B23 5QR",123,58,65,50
"B23 5QS",22,11,11,14
"B23 5QT",22,13,9,8
"B23 5QU",74,35,39,45
"B23 5QW",80,43,37,49
"B23 5QX",27,16,11,12
"B23 5QY",5,2,3,3
"B23 5QZ",34,18,16,26
"B23 5RA",29,12,17,11
"B23 5RB",21,10,11,14
"B23 5RD",94,49,45,48
"B23 5RE",20,10,10,14
"B23 5RF",38,17,21,16
"B23 5RG",96,51,45,46
"B23 5RH",78,36,42,26
"B23 5RJ",28,14,14,10
"B23 5RN",61,27,34,20
"B23 5RP",82,39,43,41
"B23 5RR",90,35,55,42
"B23 5RS",50,17,33,36
"B23 5RT",91,44,47,44
"B23 5RU",98,41,57,41
"B23 5RX",84,31,53,41
"B23 5SA",8,3,5,3
"B23 5SB",116,48,68,61
"B23 5SD",93,47,46,38
"B23 5SE",101,50,51,64
"B23 5SF",16,7,9,11
"B23 5SG",25,15,10,17
"B23 5SH",89,41,48,39
"B23 5SN",48,23,25,23
"B23 5SR",61,30,31,26
"B23 5SS",59,32,27,31
"B23 5ST",77,36,41,39
"B23 5SU",52,21,31,29
"B23 5SX",94,51,43,43
"B23 5SY",101,52,49,41
"B23 5SZ",33,20,13,13
"B23 5TA",52,27,25,22
"B23 5TB",109,47,62,69
"B23 5TD",15,3,12,12
"B23 5TE",58,25,33,26
"B23 5TH",88,54,34,22
"B23 5TJ",42,13,29,5
"B23 5TL",76,38,38,29
"B23 5TN",6,6,0,4
"B23 5TS",16,7,9,8
"B23 5TW",3,2,1,1
"B23 5TZ",23,7,16,9
"B23 5UB",138,63,75,66
"B23 5UD",161,76,85,65
"B23 5UE",132,48,84,65
"B23 5UF",160,77,83,72
"B23 5UG",39,20,19,17
"B23 5UH",82,45,37,30
"B23 5UJ",40,22,18,10
"B23 5UR",6,1,5,3
"B23 5US",40,21,19,34
"B23 5UT",21,11,10,10
"B23 5XA",53,32,21,15
"B23 5XB",52,27,25,13
"B23 5XD",29,17,12,11
"B23 5XE",72,30,42,32
"B23 5XF",85,40,45,28
"B23 5XG",32,16,16,19
"B23 5XH",82,40,42,41
"B23 5XJ",48,24,24,31
"B23 5XL",39,19,20,20
"B23 5XN",108,32,76,29
"B23 5XP",50,23,27,42
"B23 5XQ",28,12,16,18
"B23 5XR",89,39,50,38
"B23 5XS",11,4,7,11
"B23 5XT",16,7,9,12
"B23 5XU",129,64,65,46
"B23 5XW",72,38,34,41
"B23 5XX",64,34,30,25
"B23 5XY",68,30,38,32
"B23 5XZ",10,5,5,5
"B23 5YA",9,5,4,4
"B23 5YB",26,14,12,17
"B23 5YD",80,29,51,50
"B23 5YE",64,31,33,31
"B23 5YF",56,21,35,30
"B23 5YG",31,18,13,19
"B23 5YH",61,34,27,51
"B23 5YJ",7,3,4,5
"B23 5YL",31,15,16,12
"B23 5YN",73,39,34,23
"B23 5YP",126,67,59,47
"B23 5YQ",20,11,9,8
"B23 5YR",28,12,16,12
"B23 5YT",25,14,11,11
"B23 5YU",74,36,38,24
"B23 5YW",61,30,31,18
"B23 5YX",33,15,18,14
"B23 5YY",109,47,62,71
"B23 5YZ",21,12,9,9
"B23 6AA",22,11,11,14
"B23 6AE",21,14,7,7
"B23 6AG",202,114,88,124
"B23 6AH",218,120,98,99
"B23 6AJ",118,57,61,42
"B23 6AL",26,19,7,23
"B23 6AN",65,35,30,33
"B23 6AP",44,25,19,21
"B23 6AQ",29,17,12,18
"B23 6AR",75,40,35,34
"B23 6AS",119,54,65,55
"B23 6AT",48,29,19,36
"B23 6AU",21,21,0,0
"B23 6AX",32,15,17,15
"B23 6AZ",42,14,28,38
"B23 6BA",55,30,25,28
"B23 6BB",47,28,19,29
"B23 6BJ",110,48,62,56
"B23 6BN",70,31,39,48
"B23 6BP",44,32,12,17
"B23 6BQ",76,50,26,33
"B23 6BS",19,10,9,5
"B23 6BT",153,87,66,96
"B23 6BU",77,35,42,30
"B23 6BW",15,7,8,11
"B23 6BX",47,24,23,20
"B23 6DA",42,25,17,19
"B23 6DD",76,35,41,33
"B23 6DE",6,5,1,1
"B23 6DG",36,17,19,14
"B23 6DH",26,15,11,12
"B23 6DJ",17,10,7,9
"B23 6DL",97,52,45,31
"B23 6DN",94,47,47,37
"B23 6DR",82,34,48,28
"B23 6DS",4,2,2,2
"B23 6DX",67,35,32,28
"B23 6DY",47,23,24,27
"B23 6EA",44,23,21,20
"B23 6EE",57,31,26,25
"B23 6EG",23,11,12,11
"B23 6EH",68,34,34,29
"B23 6EJ",63,36,27,27
"B23 6EL",94,59,35,43
"B23 6EN",101,51,50,34
"B23 6EP",116,59,57,48
"B23 6EQ",15,6,9,9
"B23 6ER",75,33,42,30
"B23 6ES",83,35,48,31
"B23 6ET",77,36,41,32
"B23 6EU",75,35,40,34
"B23 6EX",30,17,13,11
"B23 6EY",71,38,33,28
"B23 6EZ",53,28,25,22
"B23 6FD",30,13,17,11
"B23 6FE",39,17,22,14
"B23 6GA",38,18,20,18
"B23 6GB",36,18,18,17
"B23 6GD",57,23,34,31
"B23 6GE",114,53,61,47
"B23 6GF",43,19,24,20
"B23 6GG",51,20,31,27
"B23 6GH",94,44,50,41
"B23 6GJ",102,52,50,46
"B23 6GL",42,20,22,19
"B23 6GN",156,73,83,79
"B23 6GP",118,57,61,52
"B23 6GQ",27,15,12,15
"B23 6GS",66,42,24,45
"B23 6HA",9,5,4,2
"B23 6HB",106,50,56,40
"B23 6HD",57,26,31,21
"B23 6HE",80,39,41,30
"B23 6HG",133,71,62,42
"B23 6HH",69,34,35,25
"B23 6HJ",70,34,36,27
"B23 6HL",53,23,30,22
"B23 6HN",114,62,52,31
"B23 6HP",9,5,4,5
"B23 6HR",41,21,20,19
"B23 6HS",38,16,22,16
"B23 6HT",63,33,30,22
"B23 6HX",93,41,52,26
"B23 6HY",80,41,39,31
"B23 6JA",86,42,44,38
"B23 6JB",62,23,39,26
"B23 6JD",61,30,31,25
"B23 6JE",53,19,34,23
"B23 6JG",65,29,36,24
"B23 6JH",89,48,41,34
"B23 6JJ",100,48,52,36
"B23 6JL",70,36,34,25
"B23 6JN",64,27,37,29
"B23 6JP",65,34,31,30
"B23 6JR",29,16,13,14
"B23 6JS",6,4,2,4
"B23 6JT",122,60,62,52
"B23 6JU",64,32,32,38
"B23 6JX",60,34,26,26
"B23 6JY",15,8,7,7
"B23 6LA",91,48,43,39
"B23 6LB",47,25,22,19
"B23 6LD",61,29,32,19
"B23 6LE",28,15,13,10
"B23 6LF",53,23,30,41
"B23 6LG",32,16,16,12
"B23 6LH",81,34,47,37
"B23 6LJ",38,19,19,15
"B23 6LL",15,7,8,9
"B23 6LN",26,15,11,17
"B23 6LQ",64,31,33,25
"B23 6LR",43,29,14,16
"B23 6LS",122,60,62,49
"B23 6LT",95,44,51,35
"B23 6LW",19,5,14,16
"B23 6NA",48,24,24,21
"B23 6NB",47,25,22,21
"B23 6ND",67,32,35,25
"B23 6NE",53,25,28,27
"B23 6NG",68,30,38,33
"B23 6NH",58,30,28,20
"B23 6NJ",60,22,38,30
"B23 6NL",87,44,43,37
"B23 6NN",83,40,43,31
"B23 6NP",79,40,39,25
"B23 6NQ",76,37,39,39
"B23 6NR",40,17,23,18
"B23 6NS",45,22,23,22
"B23 6NT",73,42,31,53
"B23 6NU",32,15,17,17
"B23 6NX",52,25,27,21
"B23 6NY",79,40,39,34
"B23 6PA",57,23,34,25
"B23 6PB",47,26,21,20
"B23 6PD",113,54,59,47
"B23 6PE",76,39,37,28
"B23 6PG",71,36,35,21
"B23 6PH",12,9,3,8
"B23 6PJ",46,20,26,19
"B23 6PL",86,44,42,32
"B23 6PN",124,56,68,74
"B23 6PP",75,37,38,23
"B23 6PQ",10,7,3,9
"B23 6PR",74,34,40,34
"B23 6PS",46,20,26,26
"B23 6PU",66,33,33,33
"B23 6PX",52,27,25,27
"B23 6PY",65,27,38,30
"B23 6QA",63,30,33,29
"B23 6QB",105,51,54,39
"B23 6QD",92,45,47,45
"B23 6QE",73,36,37,33
"B23 6QF",109,53,56,49
"B23 6QG",66,35,31,46
"B23 6QH",8,3,5,7
"B23 6QJ",61,26,35,38
"B23 6QQ",60,38,22,38
"B23 6QR",15,7,8,5
"B23 6QU",24,15,9,19
"B23 6RH",2,1,1,2
"B23 6SA",5,4,1,2
"B23 6SD",21,12,9,10
"B23 6SH",2,0,2,1
"B23 6SN",21,14,7,9
"B23 6SS",11,7,4,2
"B23 6SY",24,16,8,13
"B23 6TD",1,1,0,1
"B23 6TE",17,9,8,9
"B23 6TG",91,44,47,39
"B23 6TP",6,4,2,4
"B23 6TS",59,33,26,24
"B23 6TT",10,4,6,6
"B23 6TU",70,34,36,34
"B23 6TX",44,22,22,18
"B23 6TY",44,22,22,23
"B23 6UA",55,27,28,24
"B23 6UB",25,14,11,13
"B23 6UE",74,48,26,47
"B23 6UF",65,33,32,53
"B23 6UG",21,8,13,7
"B23 6UH",62,28,34,31
"B23 6UJ",54,23,31,26
"B23 6UL",43,16,27,19
"B23 6UR",16,7,9,8
"B23 6US",61,31,30,32
"B23 6UU",31,13,18,16
"B23 6UX",44,21,23,18
"B23 6UY",53,31,22,26
"B23 6XA",61,28,33,26
"B23 7AA",69,33,36,38
"B23 7AB",34,19,15,16
"B23 7AD",97,48,49,45
"B23 7AE",107,45,62,45
"B23 7AG",2,1,1,1
"B23 7AH",19,8,11,6
"B23 7AL",9,4,5,4
"B23 7AN",40,19,21,12
"B23 7AP",46,26,20,21
"B23 7AQ",22,7,15,8
"B23 7AR",60,35,25,47
"B23 7AS",16,6,10,8
"B23 7AT",127,69,58,44
"B23 7AU",106,47,59,42
"B23 7AW",42,20,22,22
"B23 7AX",8,3,5,3
"B23 7AY",18,7,11,10
"B23 7AZ",16,7,9,9
"B23 7BA",66,33,33,30
"B23 7BB",57,26,31,18
"B23 7BD",21,8,13,8
"B23 7BE",4,1,3,1
"B23 7BG",37,18,19,17
"B23 7BH",18,9,9,6
"B23 7BN",12,7,5,3
"B23 7BP",20,10,10,7
"B23 7BS",61,29,32,25
"B23 7BT",73,36,37,27
"B23 7BU",21,9,12,7
"B23 7BX",74,36,38,33
"B23 7BY",53,24,29,19
"B23 7BZ",35,15,20,17
"B23 7DA",69,42,27,26
"B23 7DB",87,38,49,37
"B23 7DD",80,41,39,36
"B23 7DE",28,17,11,8
"B23 7DG",119,56,63,40
"B23 7DH",21,10,11,12
"B23 7DJ",88,49,39,43
"B23 7DL",104,51,53,46
"B23 7DN",96,48,48,32
"B23 7DS",44,21,23,20
"B23 7DU",65,32,33,24
"B23 7DX",89,43,46,34
"B23 7DY",104,53,51,37
"B23 7EA",17,10,7,7
"B23 7EB",147,73,74,61
"B23 7ED",119,52,67,46
"B23 7EE",69,36,33,28
"B23 7EG",64,27,37,27
"B23 7EH",69,33,36,26
"B23 7EJ",68,28,40,22
"B23 7EL",14,5,9,6
"B23 7EP",60,33,27,26
"B23 7EQ",89,47,42,34
"B23 7ER",32,15,17,26
"B23 7ET",43,18,25,18
"B23 7EX",27,16,11,15
"B23 7EY",92,42,50,33
"B23 7EZ",33,15,18,29
"B23 7FA",24,8,16,12
"B23 7FB",42,22,20,15
"B23 7FD",39,20,19,18
"B23 7FE",24,12,12,9
"B23 7FF",93,45,48,27
"B23 7FG",79,38,41,48
"B23 7FH",6,3,3,3
"B23 7FJ",7,4,3,4
"B23 7FL",65,35,30,44
"B23 7FN",62,36,26,42
"B23 7FW",58,26,32,34
"B23 7HA",89,48,41,36
"B23 7HB",99,50,49,39
"B23 7HD",49,23,26,17
"B23 7HE",47,24,23,24
"B23 7HH",86,46,40,34
"B23 7HJ",26,13,13,8
"B23 7HL",63,31,32,38
"B23 7HN",53,26,27,26
"B23 7HR",82,43,39,47
"B23 7HS",52,29,23,34
"B23 7HT",105,49,56,38
"B23 7HU",117,52,65,38
"B23 7HW",39,20,19,21
"B23 7HX",152,76,76,58
"B23 7HY",33,18,15,10
"B23 7HZ",10,5,5,4
"B23 7JE",5,1,4,2
"B23 7JG",26,12,14,5
"B23 7JH",58,35,23,12
"B23 7JJ",102,51,51,36
"B23 7JN",138,71,67,50
"B23 7JP",131,64,67,42
"B23 7JR",43,20,23,21
"B23 7JS",150,67,83,46
"B23 7JX",75,38,37,29
"B23 7LA",21,9,12,15
"B23 7LB",60,26,34,15
"B23 7LD",149,87,62,45
"B23 7LE",129,55,74,39
"B23 7LG",46,23,23,17
"B23 7LH",103,52,51,43
"B23 7LJ",38,21,17,20
"B23 7LL",111,50,61,32
"B23 7LN",42,22,20,15
"B23 7LP",37,23,14,11
"B23 7LR",90,40,50,37
"B23 7LS",123,62,61,54
"B23 7LT",72,42,30,31
"B23 7LU",28,12,16,6
"B23 7LX",26,13,13,10
"B23 7LZ",41,19,22,14
"B23 7NA",77,35,42,26
"B23 7NB",33,14,19,16
"B23 7ND",42,17,25,19
"B23 7NE",78,42,36,26
"B23 7NG",78,38,40,31
"B23 7NJ",35,23,12,19
"B23 7NL",43,24,19,21
"B23 7NN",46,23,23,34
"B23 7NP",58,28,30,41
"B23 7NQ",46,25,21,18
"B23 7NR",43,20,23,21
"B23 7NS",67,30,37,24
"B23 7NT",47,26,21,19
"B23 7NU",89,44,45,46
"B23 7NX",15,6,9,4
"B23 7NY",122,53,69,48
"B23 7NZ",40,26,14,29
"B23 7PB",63,31,32,31
"B23 7PE",37,18,19,18
"B23 7PF",200,103,97,89
"B23 7PG",75,34,41,24
"B23 7PH",34,17,17,10
"B23 7PJ",50,24,26,41
"B23 7PN",59,35,24,22
"B23 7PP",134,78,56,38
"B23 7PQ",49,22,27,23
"B23 7PR",97,53,44,30
"B23 7PS",29,12,17,10
"B23 7PT",92,45,47,25
"B23 7PU",74,34,40,23
"B23 7PW",22,11,11,8
"B23 7PX",24,12,12,11
"B23 7QA",47,24,23,23
"B23 7QB",75,43,32,31
"B23 7QD",8,4,4,5
"B23 7QE",110,65,45,41
"B23 7QG",76,40,36,31
"B23 7QH",22,11,11,7
"B23 7QL",151,69,82,63
"B23 7QP",97,58,39,38
"B23 7QQ",97,49,48,45
"B23 7QR",59,29,30,24
"B23 7QS",164,92,72,58
"B23 7QT",124,71,53,53
"B23 7QU",75,47,28,30
"B23 7QX",88,45,43,31
"B23 7QY",33,24,9,10
"B23 7RA",57,30,27,26
"B23 7RB",94,46,48,38
"B23 7RD",90,39,51,36
"B23 7RE",4,1,3,2
"B23 7RG",135,68,67,58
"B23 7RH",19,7,12,7
"B23 7RJ",63,37,26,25
"B23 7RL",82,39,43,31
"B23 7RN",76,39,37,34
"B23 7RP",44,25,19,16
"B23 7RQ",87,41,46,39
"B23 7RR",109,51,58,72
"B23 7RT",34,21,13,9
"B23 7RU",42,18,24,13
"B23 7RW",83,41,42,37
"B23 7RX",2,1,1,1
"B23 7RY",103,57,46,38
"B23 7SA",85,36,49,32
"B23 7SB",99,51,48,46
"B23 7SD",149,75,74,53
"B23 7SE",80,39,41,32
"B23 7SF",80,35,45,33
"B23 7SG",71,35,36,35
"B23 7SH",46,27,19,13
"B23 7SN",136,60,76,31
"B23 7SP",93,46,47,28
"B23 7SQ",120,56,64,50
"B23 7SR",37,20,17,16
"B23 7SS",50,21,29,20
"B23 7ST",49,22,27,20
"B23 7SU",137,63,74,51
"B23 7SW",38,19,19,16
"B23 7SX",66,33,33,23
"B23 7SY",38,14,24,11
"B23 7SZ",42,17,25,20
"B23 7TA",96,46,50,37
"B23 7TB",99,43,56,39
"B23 7TD",3,3,0,1
"B23 7TE",43,21,22,20
"B23 7TF",41,20,21,17
"B23 7TG",66,34,32,27
"B23 7TH",147,70,77,49
"B23 7TJ",157,72,85,63
"B23 7TN",111,51,60,46
"B23 7TP",47,22,25,18
"B23 7TR",41,17,24,18
"B23 7TS",87,39,48,35
"B23 7TT",43,22,21,19
"B23 7TU",41,18,23,16
"B23 7TX",56,24,32,20
"B23 7TY",39,23,16,13
"B23 7UA",71,35,36,22
"B23 7UB",16,6,10,5
"B23 7UD",60,28,32,21
"B23 7UE",79,33,46,29
"B23 7UF",11,2,9,10
"B23 7UG",20,9,11,11
"B23 7UH",80,45,35,33
"B23 7UJ",74,28,46,21
"B23 7UL",53,25,28,18
"B23 7UN",48,23,25,20
"B23 7UP",56,27,29,26
"B23 7UQ",16,3,13,11
"B23 7UR",14,7,7,6
"B23 7US",48,21,27,20
"B23 7UT",50,16,34,20
"B23 7UU",43,16,27,17
"B23 7UW",124,56,68,60
"B23 7UX",110,58,52,46
"B23 7WA",17,8,9,6
"B23 7WQ",31,6,25,24
"B23 7XA",30,18,12,12
"B23 7XB",20,10,10,7
"B23 7XE",13,5,8,8
"B23 7XF",100,31,69,48
"B23 7XG",114,47,67,49
"B23 7XH",27,14,13,10
"B23 7XJ",117,50,67,48
"B23 7XL",70,37,33,36
"B23 7XN",47,21,26,15
"B23 7XQ",127,47,80,52
"B23 7XR",72,34,38,25
"B23 7XS",73,30,43,23
"B23 7XT",60,30,30,26
"B23 7XU",52,23,29,19
"B23 7XX",4,1,3,2
"B23 7XY",21,10,11,18
"B23 7XZ",20,11,9,17
"B23 7YA",62,25,37,28
"B23 7YB",13,7,6,5
"B23 7YD",36,16,20,15
"B23 7YE",25,7,18,18
"B23 7YF",34,21,13,18
"B23 7YG",25,14,11,17
"B23 7YH",51,25,26,23
"B23 7YJ",27,10,17,16
"B23 7YL",46,23,23,16
"B23 7YN",42,19,23,26
"B23 7YP",43,19,24,28
"B23 7YQ",14,7,7,8
"B23 7YR",16,8,8,7
"B23 7YS",60,34,26,37
"B23 7YT",78,49,29,42
"B23 7YU",121,56,65,53
"B23 7YW",36,18,18,26
"B23 7YX",54,24,30,19
"B23 7YY",113,57,56,64
"B23 7YZ",8,5,3,4
"B24 0AA",69,31,38,23
"B24 0AB",22,16,6,17
"B24 0AD",15,8,7,7
"B24 0AE",38,20,18,16
"B24 0AG",66,32,34,27
"B24 0AH",100,49,51,46
"B24 0AJ",76,36,40,29
"B24 0AL",44,12,32,35
"B24 0AQ",127,63,64,53
"B24 0AR",88,53,35,38
"B24 0AS",81,36,45,33
"B24 0AT",27,15,12,15
"B24 0BA",53,28,25,22
"B24 0BB",36,22,14,16
"B24 0BD",80,39,41,28
"B24 0BE",26,14,12,13
"B24 0BG",48,26,22,18
"B24 0BL",51,26,25,40
"B24 0BN",66,26,40,11
"B24 0BP",79,38,41,37
"B24 0BS",8,5,3,4
"B24 0BT",62,34,28,24
"B24 0BU",14,7,7,12
"B24 0BX",133,73,60,49
"B24 0BY",104,52,52,51
"B24 0DE",67,33,34,23
"B24 0DF",26,13,13,8
"B24 0DG",24,12,12,10
"B24 0DH",4,1,3,2
"B24 0DJ",108,50,58,40
"B24 0DL",24,10,14,8
"B24 0DN",52,27,25,21
"B24 0DP",110,61,49,37
"B24 0DQ",17,8,9,7
"B24 0DR",61,30,31,26
"B24 0DS",48,27,21,20
"B24 0DT",95,44,51,35
"B24 0DU",110,45,65,44
"B24 0EA",39,20,19,16
"B24 0EB",53,25,28,36
"B24 0EE",64,27,37,28
"B24 0EG",45,20,25,22
"B24 0EH",26,13,13,8
"B24 0EJ",51,27,24,24
"B24 0EL",90,46,44,52
"B24 0EP",47,23,24,21
"B24 0EQ",42,22,20,21
"B24 0ER",6,3,3,2
"B24 0ES",54,27,27,19
"B24 0ET",27,10,17,11
"B24 0EU",23,12,11,7
"B24 0EX",37,21,16,15
"B24 0EY",28,17,11,10
"B24 0GA",40,15,25,16
"B24 0GB",45,22,23,19
"B24 0GD",36,19,17,14
"B24 0GE",62,29,33,33
"B24 0HA",103,51,52,38
"B24 0HB",26,13,13,15
"B24 0HD",31,18,13,11
"B24 0HE",46,19,27,18
"B24 0HF",103,50,53,50
"B24 0HG",1,1,0,1
"B24 0HH",27,14,13,12
"B24 0HJ",25,13,12,10
"B24 0HL",67,34,33,46
"B24 0HN",29,16,13,15
"B24 0HP",41,24,17,19
"B24 0HQ",48,24,24,17
"B24 0HR",59,24,35,26
"B24 0HS",45,27,18,36
"B24 0HT",27,13,14,9
"B24 0HU",12,9,3,4
"B24 0HW",32,17,15,15
"B24 0HX",14,5,9,6
"B24 0HY",34,17,17,24
"B24 0HZ",49,20,29,23
"B24 0JA",90,51,39,51
"B24 0JB",43,22,21,22
"B24 0JD",36,12,24,12
"B24 0JF",57,33,24,25
"B24 0JG",3,1,2,2
"B24 0JH",32,21,11,13
"B24 0JJ",34,18,16,11
"B24 0JL",58,26,32,26
"B24 0JN",52,27,25,18
"B24 0JP",55,27,28,15
"B24 0JQ",17,8,9,10
"B24 0JR",45,22,23,17
"B24 0JS",108,62,46,34
"B24 0JT",56,32,24,24
"B24 0JW",23,9,14,13
"B24 0JX",93,50,43,30
"B24 0JY",51,28,23,18
"B24 0JZ",52,28,24,18
"B24 0LA",13,8,5,7
"B24 0LB",98,48,50,41
"B24 0LE",57,25,32,26
"B24 0LF",23,4,19,8
"B24 0LG",28,11,17,9
"B24 0LH",33,19,14,22
"B24 0LJ",41,20,21,16
"B24 0LL",73,38,35,25
"B24 0LN",17,10,7,12
"B24 0LP",12,5,7,7
"B24 0LQ",17,8,9,13
"B24 0LR",104,45,59,39
"B24 0LS",23,6,17,21
"B24 0LT",48,18,30,15
"B24 0LU",58,29,29,22
"B24 0LW",32,17,15,24
"B24 0LX",53,25,28,22
"B24 0LY",36,17,19,12
"B24 0NB",7,1,6,7
"B24 0ND",40,21,19,15
"B24 0NE",36,19,17,18
"B24 0NF",111,50,61,41
"B24 0NG",79,41,38,32
"B24 0NH",51,24,27,23
"B24 0NJ",136,66,70,51
"B24 0NL",12,7,5,10
"B24 0NN",18,6,12,12
"B24 0NP",4,1,3,3
"B24 0NQ",24,15,9,10
"B24 0NR",10,4,6,3
"B24 0NS",22,15,7,18
"B24 0NT",34,15,19,15
"B24 0NU",5,2,3,2
"B24 0NW",73,36,37,27
"B24 0NX",12,4,8,5
"B24 0NZ",42,18,24,26
"B24 0PA",89,43,46,30
"B24 0PB",102,49,53,38
"B24 0PD",113,52,61,43
"B24 0PE",103,50,53,40
"B24 0PG",92,46,46,32
"B24 0PH",56,26,30,24
"B24 0PJ",94,49,45,34
"B24 0PL",143,61,82,59
"B24 0PP",67,34,33,24
"B24 0PQ",76,40,36,30
"B24 0PR",64,25,39,20
"B24 0PS",116,51,65,51
"B24 0PT",81,35,46,32
"B24 0PU",24,11,13,14
"B24 0PX",88,42,46,32
"B24 0PY",24,9,15,11
"B24 0QA",11,7,4,7
"B24 0QB",43,24,19,21
"B24 0QD",61,27,34,29
"B24 0QE",42,21,21,18
"B24 0QF",139,63,76,52
"B24 0QG",50,24,26,22
"B24 0QH",72,36,36,37
"B24 0QJ",66,33,33,33
"B24 0QL",45,25,20,25
"B24 0QQ",115,56,59,39
"B24 0QY",7,3,4,5
"B24 0RF",16,8,8,8
"B24 0RG",39,19,20,16
"B24 0RH",11,5,6,8
"B24 0RJ",44,21,23,18
"B24 0RL",81,36,45,39
"B24 0RN",45,16,29,28
"B24 0RP",68,31,37,52
"B24 0RQ",19,9,10,11
"B24 0RR",47,23,24,18
"B24 0RS",3,2,1,2
"B24 0RT",19,11,8,6
"B24 0RU",45,20,25,21
"B24 0RW",46,25,21,28
"B24 0RX",53,23,30,26
"B24 0RY",106,53,53,44
"B24 0RZ",36,18,18,17
"B24 0SA",44,23,21,17
"B24 0SG",42,16,26,17
"B24 0SH",88,39,49,34
"B24 0SJ",80,36,44,32
"B24 0SN",84,46,38,31
"B24 0SP",98,39,59,26
"B24 0SW",19,9,10,10
"B24 0SY",22,13,9,11
"B24 0SZ",26,15,11,9
"B24 0TA",50,28,22,41
"B24 0TB",30,19,11,13
"B24 0TD",40,20,20,17
"B24 0TE",57,25,32,18
"B24 0TF",61,28,33,21
"B24 0TH",18,8,10,6
"B24 0TJ",67,34,33,33
"B24 0TL",67,40,27,31
"B24 0TN",118,54,64,58
"B24 0TP",33,14,19,11
"B24 0TQ",48,22,26,34
"B24 0TR",34,16,18,16
"B24 0TS",77,42,35,39
"B24 0TW",115,50,65,66
"B24 0UA",74,33,41,24
"B24 0UB",34,15,19,12
"B24 0UD",34,15,19,18
"B24 0UE",59,26,33,23
"B24 0UF",52,17,35,17
"B24 8AA",64,27,37,34
"B24 8AB",40,17,23,16
"B24 8AD",110,54,56,46
"B24 8AE",22,12,10,11
"B24 8AF",105,49,56,46
"B24 8AG",71,31,40,20
"B24 8AN",72,33,39,32
"B24 8AP",69,24,45,24
"B24 8AQ",90,47,43,52
"B24 8AR",85,45,40,47
"B24 8AS",16,10,6,7
"B24 8AT",137,76,61,73
"B24 8AU",85,51,34,35
"B24 8AX",24,12,12,9
"B24 8AY",87,39,48,51
"B24 8AZ",46,24,22,18
"B24 8BD",48,23,25,30
"B24 8BE",23,12,11,8
"B24 8BH",32,9,23,15
"B24 8BJ",34,22,12,24
"B24 8BL",103,53,50,35
"B24 8BN",67,32,35,30
"B24 8BQ",34,13,21,10
"B24 8BT",21,11,10,18
"B24 8BU",34,18,16,16
"B24 8BW",32,12,20,8
"B24 8BX",37,19,18,10
"B24 8BY",57,16,41,8
"B24 8DF",86,40,46,19
"B24 8DQ",21,14,7,18
"B24 8DU",8,6,2,6
"B24 8DX",7,4,3,2
"B24 8DY",46,21,25,14
"B24 8EA",45,18,27,15
"B24 8EB",63,30,33,21
"B24 8ED",54,25,29,24
"B24 8EE",24,9,15,10
"B24 8EG",124,59,65,44
"B24 8EH",23,12,11,6
"B24 8EJ",88,43,45,28
"B24 8EL",79,28,51,28
"B24 8EN",64,32,32,26
"B24 8EP",52,30,22,16
"B24 8EU",96,48,48,29
"B24 8EW",10,9,1,5
"B24 8EX",88,50,38,29
"B24 8EY",31,15,16,10
"B24 8EZ",39,18,21,10
"B24 8HA",66,33,33,24
"B24 8HB",39,23,16,12
"B24 8HD",12,8,4,6
"B24 8HE",54,26,28,20
"B24 8HG",36,17,19,14
"B24 8HP",79,35,44,31
"B24 8HR",36,18,18,17
"B24 8HS",38,15,23,12
"B24 8HT",184,90,94,57
"B24 8HU",156,78,78,49
"B24 8JA",17,9,8,5
"B24 8JB",59,31,28,15
"B24 8JD",61,28,33,21
"B24 8JE",116,57,59,39
"B24 8JF",59,27,32,16
"B24 8JG",106,52,54,40
"B24 8JH",90,50,40,32
"B24 8JJ",84,36,48,32
"B24 8JL",99,44,55,30
"B24 8JN",138,72,66,41
"B24 8JP",30,15,15,9
"B24 8JQ",149,76,73,52
"B24 8JR",57,25,32,24
"B24 8JS",38,19,19,17
"B24 8JT",50,21,29,18
"B24 8JU",63,34,29,32
"B24 8JW",96,41,55,34
"B24 8LE",81,38,43,28
"B24 8LF",70,35,35,25
"B24 8LH",89,46,43,33
"B24 8LJ",104,49,55,33
"B24 8LL",41,14,27,17
"B24 8LN",18,7,11,7
"B24 8LP",136,64,72,43
"B24 8LR",111,65,46,34
"B24 8LS",88,40,48,33
"B24 8LT",23,12,11,8
"B24 8LU",70,44,26,27
"B24 8LX",71,33,38,20
"B24 8LY",10,3,7,3
"B24 8NA",32,14,18,10
"B24 8NB",1,1,0,1
"B24 8NU",70,38,32,47
"B24 8NX",39,15,24,32
"B24 8NY",25,14,11,7
"B24 8PA",30,10,20,7
"B24 8PB",47,27,20,13
"B24 8PD",81,37,44,27
"B24 8PE",51,27,24,19
"B24 8PG",97,44,53,36
"B24 8PH",93,38,55,34
"B24 8PJ",59,38,21,16
"B24 8PL",86,46,40,33
"B24 8PN",112,62,50,32
"B24 8PP",15,9,6,4
"B24 8PR",124,69,55,47
"B24 8PS",170,86,84,53
"B24 8PT",138,74,64,43
"B24 8PW",3,0,3,3
"B24 8PX",187,93,94,64
"B24 8PY",22,12,10,6
"B24 8QA",43,17,26,20
"B24 8QG",91,39,52,43
"B24 8QH",58,17,41,13
"B24 8QJ",137,60,77,31
"B24 8QL",38,14,24,25
"B24 8QN",65,34,31,42
"B24 8QP",23,10,13,11
"B24 8QQ",63,35,28,42
"B24 8QR",42,18,24,16
"B24 8QS",87,36,51,25
"B24 8QT",33,17,16,10
"B24 8QU",44,25,19,12
"B24 8QX",49,19,30,20
"B24 8QY",131,76,55,31
"B24 8RA",23,9,14,11
"B24 8RB",56,32,24,19
"B24 8RD",65,39,26,20
"B24 8RH",38,22,16,18
"B24 8RJ",28,16,12,19
"B24 9AA",26,11,15,8
"B24 9AB",69,43,26,28
"B24 9AD",26,13,13,14
"B24 9AE",112,48,64,53
"B24 9AG",108,57,51,50
"B24 9AH",24,10,14,14
"B24 9AJ",35,16,19,16
"B24 9AL",66,29,37,26
"B24 9AN",70,40,30,26
"B24 9AP",85,39,46,41
"B24 9AQ",88,44,44,30
"B24 9AR",59,29,30,27
"B24 9AX",18,11,7,3
"B24 9AY",62,31,31,50
"B24 9AZ",20,11,9,13
"B24 9BA",7,4,3,7
"B24 9BB",37,13,24,15
"B24 9BD",143,81,62,67
"B24 9BE",6,1,5,5
"B24 9BG",94,54,40,35
"B24 9BH",89,43,46,34
"B24 9BJ",115,55,60,31
"B24 9BL",68,37,31,26
"B24 9BP",65,37,28,28
"B24 9BQ",55,24,31,28
"B24 9BT",51,28,23,20
"B24 9BU",35,18,17,9
"B24 9BW",28,11,17,14
"B24 9BX",5,4,1,4
"B24 9BY",49,25,24,18
"B24 9BZ",35,16,19,15
"B24 9DA",99,44,55,43
"B24 9DB",38,16,22,15
"B24 9DD",9,4,5,5
"B24 9DE",4,1,3,2
"B24 9DG",78,36,42,32
"B24 9DH",86,43,43,33
"B24 9DJ",59,29,30,21
"B24 9DL",23,8,15,8
"B24 9DN",50,30,20,23
"B24 9DP",36,20,16,14
"B24 9DQ",47,26,21,20
"B24 9DR",108,56,52,62
"B24 9DS",100,39,61,41
"B24 9DT",15,8,7,8
"B24 9DU",115,55,60,44
"B24 9DX",61,30,31,22
"B24 9DY",81,40,41,35
"B24 9DZ",61,23,38,22
"B24 9EA",69,33,36,26
"B24 9EB",69,35,34,26
"B24 9ED",83,47,36,31
"B24 9EE",63,30,33,26
"B24 9EH",96,55,41,36
"B24 9EJ",35,23,12,12
"B24 9EL",57,29,28,26
"B24 9ER",66,33,33,31
"B24 9ES",86,48,38,39
"B24 9ET",36,17,19,14
"B24 9EU",74,35,39,28
"B24 9EW",87,52,35,34
"B24 9EX",76,45,31,26
"B24 9EY",12,5,7,8
"B24 9HA",66,37,29,22
"B24 9HB",65,32,33,27
"B24 9HD",89,50,39,34
"B24 9HE",4,1,3,1
"B24 9HG",41,22,19,14
"B24 9HH",123,62,61,46
"B24 9HJ",31,18,13,11
"B24 9HP",4,2,2,2
"B24 9HQ",51,23,28,19
"B24 9HS",2,2,0,1
"B24 9HU",34,15,19,27
"B24 9HX",14,6,8,5
"B24 9JA",90,39,51,28
"B24 9JB",41,19,22,19
"B24 9JD",47,24,23,25
"B24 9JE",39,21,18,17
"B24 9JF",25,11,14,11
"B24 9JG",12,4,8,7
"B24 9JL",82,37,45,28
"B24 9JN",46,27,19,17
"B24 9JP",127,65,62,51
"B24 9JQ",5,2,3,3
"B24 9JR",56,25,31,18
"B24 9JS",49,22,27,15
"B24 9JW",38,17,21,34
"B24 9JX",69,29,40,32
"B24 9JY",70,28,42,39
"B24 9LA",100,48,52,38
"B24 9LB",37,19,18,19
"B24 9LD",75,42,33,24
"B24 9LE",97,36,61,69
"B24 9LG",49,24,25,32
"B24 9LH",77,37,40,29
"B24 9LL",42,22,20,15
"B24 9LN",72,36,36,25
"B24 9LP",26,12,14,11
"B24 9LQ",35,15,20,25
"B24 9LR",131,64,67,48
"B24 9LS",130,70,60,49
"B24 9LT",101,44,57,38
"B24 9LU",84,43,41,58
"B24 9LX",57,31,26,24
"B24 9LY",56,32,24,24
"B24 9ND",43,25,18,17
"B24 9NE",120,59,61,44
"B24 9NF",64,36,28,27
"B24 9NG",26,10,16,9
"B24 9NH",87,41,46,32
"B24 9NJ",78,40,38,28
"B24 9NL",57,25,32,22
"B24 9NN",47,22,25,20
"B24 9NP",30,14,16,10
"B24 9NQ",112,59,53,54
"B24 9NR",52,29,23,19
"B24 9NS",33,18,15,12
"B24 9NT",24,12,12,11
"B24 9NU",64,32,32,26
"B24 9NW",62,32,30,32
"B24 9NX",72,38,34,27
"B24 9PG",6,2,4,3
"B24 9PH",25,12,13,14
"B24 9PJ",38,25,13,20
"B24 9PN",55,24,31,21
"B24 9PU",3,1,2,1
"B24 9PY",19,9,10,10
"B24 9PZ",37,16,21,18
"B24 9QY",64,38,26,29
"B24 9QZ",53,25,28,27
"B24 9RA",99,43,56,40
"B24 9RB",40,21,19,14
"B24 9RD",43,20,23,20
"B24 9RE",55,27,28,24
"B24 9RG",31,15,16,14
"B24 9RH",29,14,15,11
"B24 9RJ",62,28,34,23
"B24 9RL",91,46,45,31
"B24 9RN",101,47,54,44
"B24 9RP",68,29,39,32
"B24 9RQ",36,12,24,16
"B24 9RR",22,8,14,10
"B24 9RS",45,25,20,16
"B24 9RT",19,9,10,9
"B24 9RU",22,12,10,10
"B24 9RW",87,38,49,38
"B24 9RX",52,29,23,25
"B24 9SB",3,1,2,1
"B24 9SD",32,13,19,10
"B24 9SE",16,5,11,8
"B24 9SH",132,57,75,52
"B24 9SJ",53,24,29,23
"B24 9SL",36,17,19,17
"B24 9SN",88,43,45,35
"B24 9SP",16,8,8,9
"B24 9SR",87,39,48,48
"B24 9SS",43,22,21,15
"B24 9ST",45,22,23,17
"B24 9SU",63,26,37,26
"B24 9SW",41,15,26,27
"B24 9SX",110,58,52,45
"B24 9SY",51,27,24,18
"B24 9SZ",65,31,34,27
"B24 9TA",76,34,42,36
"B24 9TB",46,27,19,16
"B24 9TD",143,73,70,57
"B24 9TE",18,11,7,8
"B25 8AA",17,7,10,6
"B25 8AE",27,16,11,9
"B25 8AF",39,20,19,11
"B25 8AH",131,60,71,31
"B25 8AJ",4,1,3,2
"B25 8AL",108,51,57,33
"B25 8AN",11,9,2,4
"B25 8AP",112,54,58,45
"B25 8AR",72,42,30,26
"B25 8AU",147,67,80,55
"B25 8AW",3,0,3,1
"B25 8AX",50,24,26,21
"B25 8AY",124,57,67,48
"B25 8AZ",135,62,73,48
"B25 8BA",32,15,17,19
"B25 8BD",116,62,54,47
"B25 8BE",108,58,50,36
"B25 8BH",198,98,100,70
"B25 8BJ",20,12,8,4
"B25 8BS",1,1,0,1
"B25 8BX",218,105,113,56
"B25 8BZ",14,5,9,10
"B25 8DA",39,19,20,15
"B25 8DD",69,34,35,23
"B25 8DF",3,1,2,1
"B25 8DG",1,0,1,1
"B25 8DL",7,1,6,3
"B25 8DP",11,3,8,8
"B25 8DR",21,8,13,6
"B25 8DS",81,37,44,32
"B25 8DT",10,6,4,5
"B25 8DU",41,19,22,17
"B25 8DX",178,95,83,61
"B25 8DZ",108,62,46,33
"B25 8EA",151,76,75,54
"B25 8EE",124,62,62,50
"B25 8EF",39,21,18,18
"B25 8EG",46,28,18,29
"B25 8EH",67,34,33,32
"B25 8EJ",36,17,19,16
"B25 8EL",25,10,15,7
"B25 8EP",3,2,1,2
"B25 8EQ",41,22,19,19
"B25 8ES",21,10,11,12
"B25 8EU",17,7,10,6
"B25 8EX",17,6,11,6
"B25 8EY",1,0,1,1
"B25 8HB",25,10,15,6
"B25 8HF",1,1,0,1
"B25 8HG",23,8,15,8
"B25 8HH",18,10,8,6
"B25 8HL",38,16,22,13
"B25 8HN",24,8,16,10
"B25 8HP",182,87,95,61
"B25 8HQ",68,23,45,24
"B25 8HR",96,49,47,58
"B25 8HS",52,32,20,19
"B25 8HT",51,25,26,25
"B25 8HX",105,47,58,40
"B25 8HY",36,16,20,14
"B25 8HZ",3,3,0,3
"B25 8JA",96,44,52,29
"B25 8JE",104,46,58,44
"B25 8JF",98,49,49,40
"B25 8JG",38,21,17,16
"B25 8JH",13,8,5,7
"B25 8JJ",29,17,12,10
"B25 8JL",32,16,16,10
"B25 8JN",54,18,36,16
"B25 8JP",70,32,38,38
"B25 8JR",115,61,54,40
"B25 8JS",60,28,32,19
"B25 8JT",30,14,16,14
"B25 8JU",79,33,46,28
"B25 8JX",104,49,55,48
"B25 8JY",15,5,10,6
"B25 8LA",128,54,74,51
"B25 8LB",72,33,39,20
"B25 8LD",29,9,20,3
"B25 8LF",31,15,16,16
"B25 8LG",34,18,16,17
"B25 8LH",29,17,12,13
"B25 8LJ",26,12,14,11
"B25 8LL",63,30,33,26
"B25 8LN",56,26,30,20
"B25 8LQ",27,16,11,12
"B25 8LR",43,24,19,32
"B25 8LS",69,31,38,30
"B25 8LT",36,18,18,17
"B25 8LU",8,5,3,5
"B25 8LW",10,6,4,4
"B25 8LX",42,20,22,13
"B25 8LY",61,35,26,25
"B25 8LZ",42,21,21,19
"B25 8NA",91,43,48,35
"B25 8NB",93,40,53,37
"B25 8ND",13,9,4,10
"B25 8NE",24,11,13,7
"B25 8NF",35,15,20,18
"B25 8NG",62,34,28,20
"B25 8NH",83,44,39,32
"B25 8NJ",92,40,52,46
"B25 8NL",106,53,53,55
"B25 8NN",39,20,19,16
"B25 8NP",87,43,44,32
"B25 8NQ",5,3,2,3
"B25 8NR",3,2,1,2
"B25 8NS",14,8,6,7
"B25 8NT",114,53,61,38
"B25 8NU",153,75,78,57
"B25 8NW",123,59,64,47
"B25 8NX",126,62,64,49
"B25 8NY",65,29,36,21
"B25 8NZ",122,56,66,50
"B25 8PA",71,30,41,28
"B25 8PB",118,54,64,44
"B25 8PD",73,39,34,20
"B25 8PE",34,15,19,14
"B25 8PG",6,2,4,2
"B25 8PH",17,11,6,12
"B25 8PL",66,38,28,23
"B25 8PN",113,55,58,45
"B25 8PP",44,20,24,17
"B25 8PS",22,12,10,9
"B25 8PT",45,23,22,19
"B25 8PU",179,85,94,58
"B25 8PW",128,63,65,43
"B25 8PX",152,73,79,46
"B25 8PY",109,51,58,34
"B25 8PZ",25,12,13,7
"B25 8QA",171,83,88,51
"B25 8QB",25,15,10,8
"B25 8QD",159,73,86,50
"B25 8QE",76,39,37,28
"B25 8QG",170,81,89,55
"B25 8QH",117,61,56,40
"B25 8QJ",131,58,73,40
"B25 8QL",43,18,25,20
"B25 8QP",127,54,73,55
"B25 8QR",52,26,26,30
"B25 8QS",134,54,80,42
"B25 8QT",112,46,66,37
"B25 8QU",106,53,53,53
"B25 8QX",84,37,47,34
"B25 8QY",39,20,19,15
"B25 8QZ",17,8,9,8
"B25 8RE",78,42,36,25
"B25 8RF",42,17,25,32
"B25 8RG",114,59,55,36
"B25 8RH",81,32,49,26
"B25 8RJ",105,49,56,38
"B25 8RN",124,60,64,57
"B25 8RP",76,38,38,33
"B25 8RQ",166,78,88,59
"B25 8RR",18,10,8,8
"B25 8RS",99,45,54,36
"B25 8RT",10,4,6,3
"B25 8RU",47,20,27,16
"B25 8RX",36,14,22,14
"B25 8RY",75,42,33,33
"B25 8SA",57,28,29,19
"B25 8SB",106,54,52,36
"B25 8SG",53,25,28,20
"B25 8SH",70,37,33,24
"B25 8SJ",114,55,59,44
"B25 8SL",145,66,79,42
"B25 8SN",107,59,48,35
"B25 8SP",90,43,47,35
"B25 8SQ",71,35,36,29
"B25 8SR",60,27,33,21
"B25 8SS",56,28,28,25
"B25 8ST",126,60,66,48
"B25 8SU",52,24,28,19
"B25 8SW",124,62,62,42
"B25 8SX",45,24,21,15
"B25 8SY",53,27,26,18
"B25 8TA",95,41,54,32
"B25 8TB",30,17,13,16
"B25 8TD",128,62,66,41
"B25 8TE",177,91,86,62
"B25 8TF",57,28,29,19
"B25 8TH",48,26,22,14
"B25 8TJ",157,71,86,48
"B25 8TN",54,28,26,22
"B25 8TP",40,19,21,13
"B25 8TS",128,65,63,42
"B25 8TT",97,52,45,37
"B25 8TU",24,12,12,9
"B25 8TW",59,30,29,15
"B25 8TX",52,26,26,20
"B25 8TY",87,48,39,26
"B25 8TZ",96,44,52,34
"B25 8UA",15,4,11,6
"B25 8UB",97,47,50,32
"B25 8UD",28,11,17,12
"B25 8UE",140,70,70,44
"B25 8UF",162,83,79,51
"B25 8UG",56,26,30,16
"B25 8UP",32,16,16,18
"B25 8UR",81,41,40,31
"B25 8US",59,31,28,25
"B25 8UT",101,46,55,38
"B25 8XB",35,19,16,24
"B25 8XD",33,21,12,24
"B25 8XE",79,38,41,27
"B25 8XJ",31,14,17,26
"B25 8XL",54,27,27,25
"B25 8XN",129,69,60,45
"B25 8XP",5,2,3,4
"B25 8XR",65,36,29,37
"B25 8XS",17,7,10,12
"B25 8XT",85,39,46,39
"B25 8XU",110,53,57,31
"B25 8XW",41,18,23,20
"B25 8XY",61,29,32,19
"B25 8XZ",41,23,18,28
"B25 8YA",47,17,30,21
"B25 8YB",39,21,18,19
"B25 8YE",44,22,22,26
"B25 8YG",91,48,43,31
"B25 8YH",51,30,21,16
"B25 8YJ",61,35,26,21
"B25 8YL",96,51,45,34
"B25 8YN",80,35,45,54
"B25 8YP",127,61,66,46
"B25 8YT",74,40,34,25
"B25 8YU",105,54,51,41
"B25 8YW",72,36,36,22
"B25 8YX",43,21,22,16
"B25 8YY",65,33,32,18
"B25 8YZ",56,32,24,25
"B26 1AA",68,38,30,59
"B26 1AB",74,42,32,59
"B26 1AL",1,1,0,1
"B26 1AP",86,43,43,33
"B26 1AR",69,41,28,24
"B26 1AS",73,33,40,27
"B26 1AT",118,58,60,32
"B26 1AU",16,10,6,5
"B26 1AX",66,27,39,25
"B26 1AY",6,4,2,5
"B26 1BA",31,16,15,24
"B26 1BB",87,49,38,25
"B26 1BD",33,13,20,11
"B26 1BE",81,35,46,29
"B26 1BG",122,57,65,43
"B26 1BN",19,11,8,8
"B26 1BP",42,23,19,19
"B26 1BT",66,25,41,31
"B26 1BY",89,40,49,39
"B26 1DA",41,22,19,19
"B26 1DB",38,22,16,17
"B26 1DD",29,13,16,13
"B26 1DG",12,6,6,7
"B26 1DP",54,22,32,42
"B26 1DR",53,25,28,38
"B26 1DS",20,12,8,13
"B26 1DT",95,44,51,32
"B26 1DU",22,8,14,5
"B26 1DX",80,32,48,34
"B26 1DY",115,59,56,55
"B26 1EA",57,25,32,18
"B26 1ED",118,59,59,35
"B26 1EE",52,26,26,21
"B26 1EF",73,33,40,22
"B26 1EG",10,6,4,3
"B26 1EH",9,6,3,4
"B26 1EJ",51,27,24,34
"B26 1EL",63,32,31,32
"B26 1EN",78,36,42,50
"B26 1EP",17,12,5,7
"B26 1ER",62,34,28,28
"B26 1ES",138,72,66,53
"B26 1ET",16,9,7,6
"B26 1EU",20,12,8,9
"B26 1EW",49,27,22,37
"B26 1EX",64,30,34,28
"B26 1EY",107,55,52,46
"B26 1HH",9,7,2,5
"B26 1HJ",117,62,55,41
"B26 1HL",97,46,51,38
"B26 1HN",144,67,77,58
"B26 1HP",31,16,15,11
"B26 1HR",52,26,26,21
"B26 1HS",73,40,33,31
"B26 1HT",33,16,17,10
"B26 1HU",40,24,16,14
"B26 1HW",141,74,67,52
"B26 1HX",125,63,62,43
"B26 1HY",126,68,58,43
"B26 1JA",43,23,20,18
"B26 1JB",126,62,64,49
"B26 1JD",93,46,47,38
"B26 1JE",101,48,53,43
"B26 1JF",30,17,13,14
"B26 1JP",66,31,35,27
"B26 1JR",91,47,44,27
"B26 1JS",110,45,65,52
"B26 1JT",73,38,35,27
"B26 1JU",71,38,33,27
"B26 1JX",157,83,74,58
"B26 1JY",122,63,59,48
"B26 1LA",166,82,84,60
"B26 1LB",115,61,54,40
"B26 1LD",13,6,7,8
"B26 1LJ",83,39,44,27
"B26 1LL",181,99,82,65
"B26 1LN",16,9,7,6
"B26 1LP",108,58,50,36
"B26 1LR",88,42,46,37
"B26 1LS",142,66,76,60
"B26 1LT",93,47,46,43
"B26 1LU",5,2,3,3
"B26 1LX",80,34,46,40
"B26 1LY",119,49,70,46
"B26 1LZ",3,2,1,1
"B26 1NA",30,10,20,13
"B26 1NB",74,40,34,46
"B26 1ND",94,49,45,38
"B26 1NE",95,43,52,39
"B26 1NF",93,44,49,33
"B26 1NR",1,1,0,1
"B26 1NS",109,56,53,45
"B26 1NU",7,5,2,2
"B26 1NX",95,44,51,38
"B26 1PA",106,50,56,35
"B26 1PB",38,16,22,19
"B26 1PD",75,34,41,25
"B26 1PF",90,39,51,32
"B26 1PG",38,18,20,16
"B26 1PH",12,9,3,4
"B26 1PJ",97,51,46,40
"B26 1PL",95,52,43,38
"B26 1PN",98,51,47,37
"B26 1PP",91,41,50,37
"B26 1PR",78,44,34,29
"B26 1PS",97,45,52,37
"B26 1QG",94,41,53,31
"B26 1QH",67,32,35,22
"B26 1QJ",64,29,35,24
"B26 1QL",64,30,34,21
"B26 1QP",69,32,37,30
"B26 1QQ",31,15,16,13
"B26 1QS",38,20,18,16
"B26 1QT",132,65,67,70
"B26 1QU",35,19,16,21
"B26 1QY",36,14,22,28
"B26 1RD",20,12,8,5
"B26 1RE",60,23,37,35
"B26 1RH",49,21,28,36
"B26 1RJ",26,12,14,12
"B26 1RL",11,3,8,4
"B26 1RN",64,35,29,22
"B26 1RY",50,24,26,23
"B26 1RZ",55,31,24,22
"B26 1SA",66,33,33,31
"B26 1SB",25,10,15,10
"B26 1SD",109,60,49,34
"B26 1SE",95,48,47,32
"B26 1SG",102,47,55,36
"B26 1SH",63,32,31,36
"B26 1SJ",42,23,19,21
"B26 1SL",41,17,24,15
"B26 1SN",57,30,27,20
"B26 1SP",54,26,28,18
"B26 1SQ",62,33,29,23
"B26 1SR",96,50,46,32
"B26 1SS",36,18,18,14
"B26 1TA",22,12,10,18
"B26 1TD",73,35,38,29
"B26 1TE",151,69,82,51
"B26 1TF",140,67,73,56
"B26 1TG",117,55,62,54
"B26 1TH",74,36,38,30
"B26 1TJ",110,59,51,60
"B26 1TN",73,28,45,25
"B26 1TQ",162,74,88,60
"B26 1TS",42,24,18,14
"B26 1TT",147,83,64,47
"B26 1TU",66,33,33,22
"B26 1TW",86,31,55,60
"B26 1TX",28,14,14,11
"B26 1UB",85,48,37,34
"B26 2AA",38,19,19,16
"B26 2AB",143,69,74,53
"B26 2AD",98,50,48,35
"B26 2AE",82,40,42,31
"B26 2AF",93,52,41,34
"B26 2AG",40,19,21,13
"B26 2AH",10,4,6,7
"B26 2AL",36,19,17,11
"B26 2AN",76,33,43,29
"B26 2AP",53,25,28,34
"B26 2AR",74,34,40,41
"B26 2AS",78,36,42,31
"B26 2AT",99,48,51,32
"B26 2AU",63,32,31,19
"B26 2AW",148,67,81,50
"B26 2AX",36,15,21,21
"B26 2BH",38,18,20,16
"B26 2BJ",25,11,14,7
"B26 2BL",37,16,21,16
"B26 2BN",65,31,34,27
"B26 2BP",56,26,30,18
"B26 2BS",58,27,31,20
"B26 2BT",138,48,90,26
"B26 2BY",67,36,31,36
"B26 2DA",90,49,41,36
"B26 2DB",115,57,58,53
"B26 2DD",111,56,55,41
"B26 2DH",102,54,48,29
"B26 2DJ",68,36,32,26
"B26 2DL",95,53,42,36
"B26 2DN",19,12,7,15
"B26 2DP",110,55,55,42
"B26 2DQ",57,16,41,45
"B26 2DR",87,45,42,41
"B26 2DS",61,23,38,36
"B26 2DT",136,71,65,41
"B26 2DU",3,1,2,0
"B26 2EA",70,36,34,28
"B26 2EB",106,56,50,39
"B26 2ED",60,28,32,22
"B26 2EE",46,21,25,22
"B26 2EG",48,26,22,21
"B26 2EH",70,34,36,27
"B26 2EJ",118,49,69,48
"B26 2EL",24,6,18,12
"B26 2EN",38,18,20,11
"B26 2EP",26,14,12,8
"B26 2EQ",47,21,26,21
"B26 2ER",90,39,51,38
"B26 2ES",57,28,29,22
"B26 2ET",59,26,33,23
"B26 2EU",65,29,36,19
"B26 2EW",76,33,43,27
"B26 2EX",128,59,69,47
"B26 2EY",69,27,42,28
"B26 2HA",33,22,11,16
"B26 2HB",26,11,15,9
"B26 2HD",86,43,43,27
"B26 2HE",72,36,36,29
"B26 2HN",23,9,14,12
"B26 2HP",36,19,17,15
"B26 2HR",102,48,54,43
"B26 2HS",60,27,33,23
"B26 2HT",174,80,94,62
"B26 2HU",80,39,41,37
"B26 2HW",102,50,52,43
"B26 2HX",12,7,5,5
"B26 2HY",80,45,35,35
"B26 2JA",139,71,68,46
"B26 2JB",28,14,14,13
"B26 2JD",134,65,69,56
"B26 2JE",35,20,15,12
"B26 2JG",75,39,36,35
"B26 2JH",16,6,10,4
"B26 2JJ",39,22,17,18
"B26 2JL",9,5,4,4
"B26 2JN",69,39,30,28
"B26 2JU",45,22,23,20
"B26 2JX",44,23,21,17
"B26 2JY",41,24,17,16
"B26 2LA",19,9,10,6
"B26 2LB",27,13,14,14
"B26 2LD",101,49,52,33
"B26 2LE",47,23,24,17
"B26 2LG",91,46,45,40
"B26 2LH",27,14,13,10
"B26 2LJ",120,60,60,46
"B26 2LL",75,34,41,29
"B26 2LN",67,37,30,24
"B26 2LP",30,16,14,15
"B26 2LR",90,50,40,34
"B26 2LS",31,15,16,15
"B26 2LT",5,3,2,2
"B26 2LW",115,55,60,44
"B26 2NA",17,10,7,11
"B26 2NB",12,6,6,6
"B26 2ND",41,17,24,14
"B26 2NE",64,32,32,28
"B26 2NG",140,74,66,51
"B26 2NH",18,9,9,6
"B26 2NJ",110,52,58,43
"B26 2NL",47,22,25,23
"B26 2NN",42,21,21,17
"B26 2NP",107,48,59,45
"B26 2NR",101,45,56,48
"B26 2NS",27,13,14,10
"B26 2NT",85,42,43,38
"B26 2NU",66,28,38,19
"B26 2NX",103,56,47,41
"B26 2NY",28,15,13,11
"B26 2PA",65,29,36,20
"B26 2PB",116,53,63,42
"B26 2PD",60,32,28,23
"B26 2PE",16,7,9,8
"B26 2PP",103,49,54,49
"B26 2PR",10,6,4,4
"B26 2PS",21,11,10,7
"B26 2PT",27,14,13,9
"B26 2PU",61,25,36,28
"B26 2PX",49,19,30,24
"B26 2PY",76,40,36,30
"B26 2QA",65,31,34,25
"B26 2QB",18,9,9,6
"B26 2QD",44,21,23,18
"B26 2QE",45,23,22,18
"B26 2QF",122,61,61,38
"B26 2QG",88,43,45,33
"B26 2QH",38,16,22,23
"B26 2QJ",50,19,31,12
"B26 2QL",10,6,4,5
"B26 2QN",20,10,10,8
"B26 2QP",54,27,27,27
"B26 2QQ",43,26,17,10
"B26 2QR",9,2,7,7
"B26 2QS",33,16,17,20
"B26 2QT",27,14,13,14
"B26 2QU",54,22,32,35
"B26 2QX",69,29,40,29
"B26 2QY",65,30,35,32
"B26 2RA",6,2,4,4
"B26 2RJ",15,4,11,5
"B26 2RL",30,14,16,10
"B26 2RP",62,28,34,24
"B26 2RR",44,22,22,18
"B26 2RS",78,38,40,26
"B26 2RT",62,33,29,26
"B26 2RU",6,4,2,4
"B26 2RY",93,52,41,58
"B26 2RZ",57,31,26,31
"B26 2SA",62,32,30,22
"B26 2SB",55,26,29,20
"B26 2SD",80,40,40,24
"B26 2SE",55,30,25,21
"B26 2SG",46,24,22,17
"B26 2SH",120,60,60,33
"B26 2SJ",37,16,21,13
"B26 2SL",38,15,23,18
"B26 2SN",33,20,13,17
"B26 2SP",8,3,5,6
"B26 2SU",37,16,21,12
"B26 2SW",37,14,23,16
"B26 2SX",103,50,53,23
"B26 2SY",41,19,22,15
"B26 2TA",28,14,14,10
"B26 2TB",27,14,13,12
"B26 2TD",73,42,31,25
"B26 2TE",40,22,18,25
"B26 2TF",35,19,16,16
"B26 2TG",17,7,10,8
"B26 2TH",27,13,14,12
"B26 2TJ",26,8,18,15
"B26 2TL",35,20,15,16
"B26 2TN",14,9,5,8
"B26 2TP",15,6,9,6
"B26 2TQ",43,21,22,18
"B26 2TR",31,16,15,12
"B26 2TS",42,20,22,20
"B26 2TT",71,38,33,26
"B26 2TU",77,37,40,24
"B26 2TW",43,19,24,16
"B26 2TX",73,31,42,28
"B26 2TY",35,18,17,17
"B26 2TZ",16,6,10,12
"B26 2UA",102,51,51,44
"B26 2UB",13,8,5,5
"B26 2UL",143,63,80,57
"B26 2UN",7,1,6,4
"B26 2UP",23,10,13,8
"B26 2UR",93,45,48,41
"B26 2US",57,28,29,24
"B26 2UT",98,53,45,32
"B26 2UU",39,20,19,16
"B26 2UX",69,38,31,25
"B26 2UY",28,16,12,8
"B26 2XA",27,13,14,11
"B26 3AA",23,10,13,10
"B26 3AB",100,48,52,32
"B26 3AD",19,11,8,8
"B26 3AE",109,43,66,45
"B26 3AG",66,26,40,23
"B26 3AH",65,32,33,26
"B26 3AJ",79,40,39,35
"B26 3AL",17,6,11,5
"B26 3AQ",60,29,31,18
"B26 3AR",143,70,73,58
"B26 3AS",73,29,44,30
"B26 3AT",12,4,8,6
"B26 3AU",60,31,29,22
"B26 3AW",1,1,0,1
"B26 3AY",20,10,10,7
"B26 3BA",125,55,70,51
"B26 3BD",30,11,19,14
"B26 3BE",51,24,27,19
"B26 3BG",79,40,39,32
"B26 3BH",31,14,17,14
"B26 3BJ",66,29,37,27
"B26 3BL",18,12,6,9
"B26 3BN",83,41,42,32
"B26 3BP",41,19,22,15
"B26 3BS",19,11,8,9
"B26 3BT",63,31,32,42
"B26 3BU",19,11,8,4
"B26 3BX",61,35,26,31
"B26 3DA",36,21,15,17
"B26 3DB",74,39,35,31
"B26 3DD",77,35,42,41
"B26 3DG",27,18,9,15
"B26 3DH",102,49,53,52
"B26 3DJ",85,38,47,39
"B26 3DL",19,10,9,8
"B26 3DN",28,17,11,14
"B26 3DU",11,4,7,7
"B26 3DX",15,10,5,6
"B26 3DY",18,12,6,7
"B26 3EH",1,1,0,1
"B26 3EJ",55,27,28,18
"B26 3EL",89,41,48,36
"B26 3EN",40,22,18,12
"B26 3EP",13,7,6,6
"B26 3ER",80,44,36,33
"B26 3ES",71,36,35,26
"B26 3EW",35,22,13,19
"B26 3EX",48,21,27,19
"B26 3EY",14,7,7,5
"B26 3HA",47,28,19,18
"B26 3HB",109,48,61,68
"B26 3HD",11,3,8,6
"B26 3HG",24,9,15,18
"B26 3HH",78,44,34,33
"B26 3HJ",81,41,40,32
"B26 3HN",65,28,37,32
"B26 3HS",84,42,42,38
"B26 3HT",79,36,43,32
"B26 3HU",41,21,20,16
"B26 3HX",65,36,29,28
"B26 3HY",48,25,23,19
"B26 3HZ",22,9,13,14
"B26 3JA",2,1,1,1
"B26 3JB",42,27,15,27
"B26 3JE",17,10,7,9
"B26 3JH",17,13,4,8
"B26 3JR",50,26,24,19
"B26 3JT",7,3,4,2
"B26 3JU",85,42,43,32
"B26 3JX",95,45,50,38
"B26 3JY",70,43,27,24
"B26 3LA",115,58,57,49
"B26 3LB",86,43,43,37
"B26 3LD",76,46,30,29
"B26 3LE",105,52,53,40
"B26 3LG",62,27,35,21
"B26 3LH",97,53,44,41
"B26 3LJ",172,86,86,60
"B26 3LR",103,51,52,62
"B26 3LS",34,18,16,16
"B26 3LT",16,5,11,12
"B26 3LU",1,0,1,1
"B26 3LX",21,13,8,6
"B26 3LY",43,19,24,18
"B26 3LZ",60,33,27,24
"B26 3NA",57,32,25,26
"B26 3NB",56,29,27,21
"B26 3ND",158,82,76,61
"B26 3NE",177,88,89,63
"B26 3NW",8,5,3,3
"B26 3NX",2,1,1,1
"B26 3PG",31,10,21,22
"B26 3PN",85,42,43,36
"B26 3PP",82,44,38,25
"B26 3PW",42,23,19,20
"B26 3PX",137,73,64,56
"B26 3QD",2,2,0,1
"B26 3QL",2,1,1,1
"B26 3QS",11,8,3,6
"B26 3QW",1,0,1,1
"B26 3RA",34,12,22,13
"B26 3RB",101,54,47,46
"B26 3RD",81,42,39,31
"B26 3RE",90,42,48,38
"B26 3RG",106,52,54,46
"B26 3RH",144,70,74,59
"B26 3RJ",27,9,18,11
"B26 3RL",121,65,56,43
"B26 3RN",62,28,34,23
"B26 3RP",107,50,57,47
"B26 3RR",90,45,45,35
"B26 3RS",80,39,41,28
"B26 3RU",50,25,25,17
"B26 3RX",27,15,12,12
"B26 3SE",71,37,34,24
"B26 3SG",35,20,15,19
"B26 3SH",61,34,27,19
"B26 3SJ",56,34,22,18
"B26 3SL",55,34,21,22
"B26 3SN",14,5,9,10
"B26 3SP",127,66,61,54
"B26 3SQ",51,25,26,19
"B26 3SR",48,20,28,24
"B26 3SS",36,20,16,16
"B26 3ST",109,51,58,54
"B26 3SU",54,29,25,23
"B26 3SX",82,41,41,29
"B26 3SY",70,40,30,26
"B26 3SZ",8,3,5,4
"B26 3TA",40,22,18,14
"B26 3TB",99,52,47,36
"B26 3TH",50,27,23,24
"B26 3TJ",39,18,21,17
"B26 3TN",29,18,11,19
"B26 3TP",17,7,10,8
"B26 3TR",83,36,47,52
"B26 3TS",52,27,25,26
"B26 3TT",21,10,11,9
"B26 3TU",18,10,8,11
"B26 3TW",36,21,15,12
"B26 3TX",16,8,8,6
"B26 3UB",37,20,17,16
"B26 3UF",28,17,11,12
"B26 3UG",13,6,7,5
"B26 3UH",89,44,45,37
"B26 3UJ",38,17,21,11
"B26 3UL",71,36,35,36
"B26 3UN",62,35,27,22
"B26 3UT",117,60,57,48
"B26 3UU",156,82,74,64
"B26 3UX",134,70,64,60
"B26 3UY",64,33,31,20
"B26 3XA",95,38,57,53
"B26 3XD",22,12,10,11
"B26 3XE",82,45,37,42
"B26 3XF",161,76,85,63
"B26 3XG",15,8,7,6
"B26 3XH",87,36,51,36
"B26 3XJ",34,23,11,27
"B26 3XL",70,40,30,38
"B26 3XN",38,23,15,28
"B26 3XU",26,10,16,12
"B26 3XW",48,20,28,23
"B26 3XX",28,13,15,14
"B26 3YA",85,36,49,43
"B26 3YB",87,44,43,33
"B26 3YD",86,39,47,38
"B26 3YE",27,14,13,18
"B26 3YF",86,43,43,42
"B26 3YG",127,65,62,53
"B26 3YH",96,40,56,45
"B26 3YJ",3,2,1,2
"B26 3YL",117,54,63,52
"B26 3YN",1,1,0,1
"B26 3YP",71,39,32,25
"B26 3YR",88,39,49,38
"B27 6AA",106,47,59,47
"B27 6AD",20,8,12,1
"B27 6AE",95,57,38,44
"B27 6AF",19,14,5,11
"B27 6AG",67,30,37,20
"B27 6AH",126,63,63,38
"B27 6AL",61,29,32,28
"B27 6AQ",97,53,44,32
"B27 6AR",125,67,58,48
"B27 6AU",55,23,32,16
"B27 6AX",95,49,46,34
"B27 6AY",106,55,51,35
"B27 6BA",19,9,10,9
"B27 6BB",43,24,19,16
"B27 6BH",2,1,1,1
"B27 6BL",27,15,12,18
"B27 6BN",45,16,29,19
"B27 6BP",33,16,17,18
"B27 6BS",20,15,5,8
"B27 6BT",6,3,3,5
"B27 6BX",13,7,6,6
"B27 6BY",2,1,1,1
"B27 6DA",43,20,23,21
"B27 6DB",38,13,25,30
"B27 6DD",42,17,25,32
"B27 6DE",71,33,38,27
"B27 6DH",72,40,32,55
"B27 6DN",49,26,23,20
"B27 6DR",105,55,50,60
"B27 6DS",108,53,55,43
"B27 6DT",122,64,58,38
"B27 6DU",84,46,38,34
"B27 6DX",27,11,16,19
"B27 6DY",21,9,12,5
"B27 6EA",28,14,14,16
"B27 6EB",3,1,2,2
"B27 6ED",43,28,15,19
"B27 6EG",85,56,29,38
"B27 6EH",64,37,27,34
"B27 6EJ",31,14,17,13
"B27 6EL",13,5,8,8
"B27 6ER",90,49,41,39
"B27 6ES",99,61,38,50
"B27 6ET",96,52,44,34
"B27 6EU",56,32,24,20
"B27 6EX",39,21,18,11
"B27 6EY",22,11,11,8
"B27 6GY",18,10,8,5
"B27 6HA",97,37,60,29
"B27 6HB",115,57,58,28
"B27 6HD",79,36,43,24
"B27 6HE",98,48,50,33
"B27 6HG",6,4,2,5
"B27 6HH",124,64,60,45
"B27 6HJ",85,47,38,25
"B27 6HL",115,61,54,35
"B27 6HN",107,53,54,35
"B27 6HP",129,65,64,35
"B27 6HS",27,9,18,13
"B27 6HT",34,18,16,16
"B27 6HW",107,53,54,32
"B27 6HY",51,18,33,19
"B27 6HZ",13,7,6,4
"B27 6JB",31,18,13,16
"B27 6JD",29,14,15,13
"B27 6JF",44,19,25,16
"B27 6JH",63,35,28,8
"B27 6JJ",26,10,16,8
"B27 6JL",50,23,27,20
"B27 6JN",46,25,21,23
"B27 6JR",34,19,15,13
"B27 6JS",25,11,14,11
"B27 6JU",16,7,9,8
"B27 6JW",26,12,14,13
"B27 6JX",44,25,19,17
"B27 6JY",53,24,29,20
"B27 6JZ",17,6,11,12
"B27 6LA",100,57,43,38
"B27 6LD",12,5,7,7
"B27 6LE",122,58,64,42
"B27 6LF",84,35,49,30
"B27 6LG",31,20,11,16
"B27 6LH",68,35,33,32
"B27 6LJ",85,53,32,42
"B27 6LL",20,11,9,12
"B27 6LN",113,58,55,46
"B27 6LP",63,34,29,25
"B27 6LQ",20,9,11,12
"B27 6LR",122,69,53,74
"B27 6LT",94,42,52,44
"B27 6LU",24,12,12,7
"B27 6LW",103,49,54,44
"B27 6LX",74,32,42,36
"B27 6LZ",47,28,19,19
"B27 6NA",49,26,23,19
"B27 6NB",38,19,19,13
"B27 6ND",8,5,3,4
"B27 6NE",102,55,47,34
"B27 6NF",51,22,29,16
"B27 6NG",148,88,60,64
"B27 6NH",21,10,11,10
"B27 6NJ",80,31,49,31
"B27 6NL",47,23,24,17
"B27 6NN",116,54,62,46
"B27 6NP",84,36,48,38
"B27 6NQ",5,4,1,4
"B27 6NR",123,61,62,50
"B27 6NS",31,15,16,17
"B27 6NT",23,13,10,14
"B27 6NU",92,45,47,35
"B27 6NX",10,4,6,6
"B27 6PA",61,30,31,27
"B27 6PB",32,17,15,14
"B27 6PD",12,6,6,7
"B27 6PE",11,6,5,8
"B27 6PF",81,29,52,44
"B27 6PG",168,85,83,59
"B27 6PL",107,50,57,37
"B27 6PP",45,21,24,15
"B27 6PQ",12,8,4,5
"B27 6PR",4,4,0,4
"B27 6PX",88,51,37,35
"B27 6QA",122,65,57,61
"B27 6QB",64,34,30,14
"B27 6QD",81,40,41,17
"B27 6QE",17,8,9,11
"B27 6QF",14,6,8,4
"B27 6QG",133,55,78,33
"B27 6QH",43,22,21,22
"B27 6QJ",68,36,32,18
"B27 6QL",61,30,31,20
"B27 6QP",72,37,35,36
"B27 6QR",99,43,56,32
"B27 6QS",24,15,9,15
"B27 6QT",78,27,51,15
"B27 6QX",73,30,43,38
"B27 6RA",18,10,8,14
"B27 6RG",7,6,1,3
"B27 6RL",17,7,10,7
"B27 6RP",104,52,52,44
"B27 6RQ",14,5,9,4
"B27 6RR",38,16,22,14
"B27 6RT",63,33,30,29
"B27 6RU",5,2,3,4
"B27 6RX",56,28,28,23
"B27 6RY",90,42,48,44
"B27 6RZ",38,16,22,21
"B27 6SA",34,16,18,21
"B27 6SB",44,20,24,26
"B27 6SD",83,45,38,32
"B27 6SE",102,46,56,41
"B27 6SF",80,41,39,27
"B27 6SG",86,45,41,35
"B27 6SH",80,45,35,29
"B27 6SJ",22,11,11,10
"B27 6SL",14,9,5,6
"B27 6SN",2,1,1,1
"B27 6SP",47,24,23,21
"B27 6SQ",82,39,43,35
"B27 6SR",72,32,40,31
"B27 6SS",103,49,54,44
"B27 6ST",80,38,42,37
"B27 6SU",113,49,64,53
"B27 6SX",35,18,17,13
"B27 6SY",182,90,92,83
"B27 6SZ",111,58,53,35
"B27 6TA",48,27,21,16
"B27 6TB",29,14,15,13
"B27 6TD",65,28,37,28
"B27 6TE",47,19,28,27
"B27 6TF",36,18,18,14
"B27 6TG",42,26,16,18
"B27 6TR",26,14,12,14
"B27 6TS",18,8,10,8
"B27 6TU",17,9,8,7
"B27 7AA",71,34,37,23
"B27 7AB",34,15,19,13
"B27 7AD",84,45,39,44
"B27 7AE",65,28,37,51
"B27 7AF",118,52,66,63
"B27 7AG",3,1,2,2
"B27 7AH",59,23,36,26
"B27 7AJ",45,19,26,21
"B27 7AN",44,22,22,21
"B27 7AP",116,60,56,40
"B27 7AQ",129,56,73,67
"B27 7AR",17,8,9,5
"B27 7AS",95,39,56,40
"B27 7AT",79,35,44,33
"B27 7AU",126,59,67,50
"B27 7AW",88,41,47,32
"B27 7AX",12,7,5,2
"B27 7AY",91,43,48,39
"B27 7AZ",52,28,24,24
"B27 7BA",107,49,58,36
"B27 7BE",101,57,44,30
"B27 7BG",32,17,15,11
"B27 7BH",73,33,40,31
"B27 7BJ",48,24,24,20
"B27 7BL",95,48,47,43
"B27 7BN",46,25,21,20
"B27 7BP",97,47,50,28
"B27 7BS",17,6,11,9
"B27 7BT",142,72,70,66
"B27 7BU",43,20,23,15
"B27 7BW",16,5,11,7
"B27 7BX",31,14,17,14
"B27 7BY",74,35,39,30
"B27 7BZ",153,67,86,64
"B27 7DA",21,12,9,10
"B27 7DB",166,84,82,61
"B27 7DD",16,11,5,6
"B27 7DE",146,64,82,56
"B27 7DF",115,53,62,43
"B27 7DG",43,24,19,16
"B27 7DH",37,16,21,13
"B27 7DR",46,26,20,18
"B27 7DS",30,16,14,15
"B27 7DT",68,32,36,22
"B27 7DU",35,13,22,17
"B27 7DX",61,28,33,22
"B27 7DY",49,21,28,20
"B27 7EA",104,52,52,40
"B27 7EB",44,22,22,15
"B27 7EE",100,51,49,37
"B27 7EG",60,21,39,31
"B27 7EN",74,28,46,29
"B27 7EP",33,16,17,14
"B27 7ER",31,14,17,13
"B27 7ES",63,28,35,20
"B27 7ET",10,4,6,6
"B27 7EU",98,47,51,39
"B27 7EW",52,21,31,18
"B27 7EX",95,37,58,39
"B27 7EY",77,40,37,31
"B27 7HA",138,62,76,49
"B27 7HB",111,51,60,49
"B27 7HD",93,47,46,33
"B27 7HE",41,23,18,13
"B27 7HH",17,8,9,6
"B27 7HJ",218,112,106,73
"B27 7HL",84,44,40,28
"B27 7HN",41,22,19,18
"B27 7HP",89,43,46,32
"B27 7HR",149,70,79,51
"B27 7HS",86,44,42,33
"B27 7HT",32,19,13,12
"B27 7HU",47,22,25,22
"B27 7HW",57,32,25,17
"B27 7HX",69,32,37,23
"B27 7HY",145,70,75,58
"B27 7HZ",56,22,34,20
"B27 7JA",55,24,31,22
"B27 7JB",116,51,65,52
"B27 7JD",72,32,40,24
"B27 7JE",66,31,35,26
"B27 7JF",57,29,28,24
"B27 7JG",134,67,67,50
"B27 7JN",91,44,47,32
"B27 7JP",69,36,33,25
"B27 7JQ",29,16,13,10
"B27 7JR",187,100,87,70
"B27 7JS",152,76,76,55
"B27 7JT",65,31,34,28
"B27 7JU",51,23,28,22
"B27 7JW",65,31,34,26
"B27 7JX",49,25,24,20
"B27 7JY",57,26,31,24
"B27 7LA",115,55,60,41
"B27 7LB",61,29,32,20
"B27 7LD",81,41,40,29
"B27 7LE",29,12,17,12
"B27 7LG",44,20,24,13
"B27 7LH",91,41,50,36
"B27 7LJ",114,58,56,40
"B27 7LL",101,50,51,37
"B27 7LN",90,46,44,28
"B27 7LP",96,46,50,28
"B27 7LR",61,27,34,25
"B27 7LS",106,53,53,34
"B27 7LT",45,18,27,21
"B27 7LU",100,51,49,45
"B27 7LW",70,33,37,27
"B27 7NA",113,67,46,50
"B27 7NB",65,33,32,29
"B27 7ND",59,32,27,21
"B27 7NE",42,19,23,12
"B27 7NF",36,18,18,14
"B27 7NG",118,57,61,51
"B27 7NH",111,55,56,38
"B27 7NJ",55,21,34,20
"B27 7NL",65,33,32,22
"B27 7NN",149,70,79,48
"B27 7NP",90,43,47,34
"B27 7NQ",46,21,25,23
"B27 7NR",71,35,36,31
"B27 7NS",71,39,32,27
"B27 7NT",7,4,3,4
"B27 7NU",21,10,11,7
"B27 7NX",102,43,59,33
"B27 7NY",144,74,70,60
"B27 7PA",78,44,34,22
"B27 7PB",100,43,57,35
"B27 7PG",26,11,15,9
"B27 7PH",170,89,81,69
"B27 7PJ",60,28,32,21
"B27 7PP",38,19,19,21
"B27 7PS",35,18,17,24
"B27 7PT",17,12,5,12
"B27 7PU",40,23,17,10
"B27 7PX",20,10,10,9
"B27 7PY",34,17,17,11
"B27 7QA",28,14,14,10
"B27 7QE",86,46,40,31
"B27 7QH",58,26,32,18
"B27 7QJ",51,27,24,18
"B27 7QL",119,54,65,45
"B27 7QN",42,22,20,12
"B27 7QP",33,15,18,17
"B27 7QQ",21,9,12,10
"B27 7QR",41,24,17,17
"B27 7QS",65,32,33,20
"B27 7QT",33,14,19,12
"B27 7QU",70,34,36,23
"B27 7QW",65,30,35,25
"B27 7QX",18,10,8,7
"B27 7RB",22,13,9,11
"B27 7RD",35,15,20,12
"B27 7RE",118,53,65,40
"B27 7RG",112,51,61,42
"B27 7RH",46,28,18,17
"B27 7RJ",80,46,34,21
"B27 7RR",22,13,9,8
"B27 7RS",77,43,34,31
"B27 7RT",15,10,5,6
"B27 7RU",62,33,29,22
"B27 7RX",8,4,4,3
"B27 7RY",16,8,8,6
"B27 7RZ",47,25,22,20
"B27 7SA",9,6,3,7
"B27 7SB",71,33,38,27
"B27 7SD",69,28,41,23
"B27 7SE",41,24,17,16
"B27 7SG",21,9,12,9
"B27 7SH",42,19,23,19
"B27 7SJ",7,2,5,6
"B27 7SL",29,11,18,15
"B27 7SN",35,20,15,13
"B27 7SP",49,25,24,21
"B27 7SQ",37,14,23,14
"B27 7SR",23,12,11,8
"B27 7SS",46,22,24,19
"B27 7ST",21,11,10,11
"B27 7SU",91,42,49,31
"B27 7SW",35,19,16,18
"B27 7SX",152,79,73,52
"B27 7SY",17,11,6,9
"B27 7TA",82,40,42,65
"B27 7TB",77,37,40,68
"B27 7TD",83,47,36,67
"B27 7TG",18,9,9,10
"B27 7TH",101,42,59,25
"B27 7TJ",52,27,25,16
"B27 7TL",89,38,51,24
"B27 7TN",57,28,29,20
"B27 7TP",46,27,19,11
"B27 7TR",68,30,38,30
"B27 7TS",129,54,75,51
"B27 7TT",55,27,28,18
"B27 7TU",13,5,8,5
"B27 7TW",30,13,17,10
"B27 7TY",71,32,39,26
"B27 7TZ",66,32,34,30
"B27 7UA",44,26,18,9
"B27 7UH",29,13,16,12
"B27 7UL",71,40,31,23
"B27 7UN",19,11,8,8
"B27 7UP",44,19,25,14
"B27 7UQ",54,29,25,28
"B27 7UR",7,4,3,2
"B27 7UT",122,76,46,57
"B27 7UW",31,15,16,9
"B27 7UX",123,44,79,46
"B27 7UY",12,3,9,8
"B27 7UZ",30,17,13,13
"B27 7XA",47,25,22,22
"B27 7XB",11,4,7,4
"B27 7XE",39,18,21,14
"B27 7XG",48,23,25,38
"B27 7XH",82,44,38,47
"B27 7XJ",16,6,10,5
"B27 7XL",56,27,29,19
"B27 7XP",102,46,56,48
"B27 7XQ",52,20,32,37
"B27 7XR",13,9,4,7
"B27 7XS",107,49,58,60
"B27 7XT",27,10,17,10
"B27 7XU",48,26,22,26
"B27 7XW",44,23,21,18
"B27 7XY",5,2,3,4
"B27 7XZ",183,81,102,86
"B27 7YA",67,32,35,18
"B27 7YB",33,18,15,18
"B27 7YD",68,38,30,30
"B27 7YE",53,35,18,24
"B27 7YG",59,28,31,27
"B27 7YT",39,19,20,17
"B28 0AA",40,20,20,13
"B28 0AB",92,49,43,30
"B28 0AD",70,37,33,22
"B28 0AE",39,19,20,13
"B28 0AG",33,17,16,8
"B28 0AH",42,24,18,16
"B28 0AJ",97,54,43,35
"B28 0AL",97,50,47,39
"B28 0AQ",108,48,60,36
"B28 0AR",61,31,30,14
"B28 0AS",21,12,9,15
"B28 0AT",85,39,46,28
"B28 0AU",98,47,51,33
"B28 0AX",103,58,45,28
"B28 0AY",121,63,58,37
"B28 0BA",16,10,6,7
"B28 0BB",50,21,29,24
"B28 0BD",47,25,22,13
"B28 0BG",41,17,24,14
"B28 0BH",9,6,3,3
"B28 0BJ",33,15,18,19
"B28 0BL",20,12,8,12
"B28 0BN",42,15,27,10
"B28 0BP",18,9,9,15
"B28 0BQ",6,2,4,3
"B28 0BS",16,6,10,7
"B28 0BT",25,11,14,9
"B28 0BU",40,19,21,16
"B28 0BX",33,20,13,18
"B28 0DA",107,60,47,59
"B28 0DB",53,21,32,23
"B28 0DD",57,32,25,20
"B28 0DE",110,43,67,33
"B28 0DF",74,36,38,30
"B28 0DG",80,39,41,26
"B28 0DH",55,27,28,17
"B28 0DJ",55,27,28,17
"B28 0DN",52,28,24,17
"B28 0DP",43,19,24,13
"B28 0DQ",63,33,30,29
"B28 0DR",16,10,6,6
"B28 0DS",35,18,17,12
"B28 0DT",26,14,12,17
"B28 0DU",29,14,15,12
"B28 0DW",78,40,38,23
"B28 0DX",24,15,9,9
"B28 0DY",38,19,19,13
"B28 0DZ",7,2,5,4
"B28 0EA",20,9,11,11
"B28 0EB",42,19,23,17
"B28 0ED",98,52,46,37
"B28 0EE",37,15,22,12
"B28 0EF",102,50,52,46
"B28 0EG",71,35,36,26
"B28 0EH",91,33,58,77
"B28 0EL",5,3,2,4
"B28 0EP",70,34,36,27
"B28 0EQ",101,41,60,40
"B28 0ER",80,38,42,25
"B28 0ET",39,15,24,12
"B28 0EU",41,7,34,9
"B28 0EW",35,19,16,11
"B28 0EX",83,36,47,25
"B28 0EY",96,45,51,31
"B28 0EZ",26,13,13,7
"B28 0HA",28,11,17,6
"B28 0HB",83,40,43,32
"B28 0HD",42,19,23,9
"B28 0HE",117,64,53,35
"B28 0HF",87,42,45,26
"B28 0HG",118,59,59,37
"B28 0HH",22,13,9,7
"B28 0HN",10,7,3,8
"B28 0HP",46,25,21,15
"B28 0HQ",134,69,65,41
"B28 0HR",38,18,20,9
"B28 0HS",65,35,30,25
"B28 0HT",23,14,9,12
"B28 0HU",17,8,9,7
"B28 0HW",62,31,31,16
"B28 0HX",50,28,22,17
"B28 0HY",41,21,20,12
"B28 0HZ",37,19,18,13
"B28 0JA",68,33,35,21
"B28 0JB",51,23,28,19
"B28 0JD",43,19,24,19
"B28 0JE",86,37,49,25
"B28 0JF",73,30,43,22
"B28 0JG",31,18,13,10
"B28 0JH",15,7,8,6
"B28 0JJ",67,36,31,25
"B28 0JL",23,9,14,11
"B28 0JN",29,15,14,15
"B28 0JP",64,34,30,22
"B28 0JQ",128,56,72,51
"B28 0JR",59,29,30,22
"B28 0JS",53,23,30,20
"B28 0JT",23,11,12,7
"B28 0JU",72,35,37,26
"B28 0JX",86,40,46,25
"B28 0LA",136,63,73,47
"B28 0LB",141,69,72,47
"B28 0LD",36,18,18,10
"B28 0LE",147,69,78,44
"B28 0LF",116,51,65,42
"B28 0LG",15,8,7,6
"B28 0LJ",46,22,24,13
"B28 0LL",78,37,41,22
"B28 0LN",87,48,39,26
"B28 0LR",29,15,14,10
"B28 0LS",32,16,16,10
"B28 0LT",94,47,47,28
"B28 0LU",97,48,49,34
"B28 0LX",33,16,17,12
"B28 0LY",115,56,59,43
"B28 0LZ",63,30,33,22
"B28 0NA",23,11,12,9
"B28 0NB",1,0,1,1
"B28 0ND",50,26,24,17
"B28 0NE",66,36,30,25
"B28 0NF",63,33,30,22
"B28 0NG",43,19,24,20
"B28 0NH",17,10,7,6
"B28 0NJ",10,5,5,3
"B28 0NL",87,44,43,28
"B28 0NN",76,32,44,26
"B28 0NP",46,21,25,14
"B28 0NR",35,17,18,14
"B28 0NS",42,25,17,17
"B28 0NT",16,9,7,6
"B28 0NU",152,75,77,62
"B28 0NX",52,28,24,30
"B28 0NY",67,32,35,26
"B28 0NZ",47,21,26,25
"B28 0PA",53,27,26,16
"B28 0PB",89,40,49,38
"B28 0PD",30,15,15,12
"B28 0PE",161,85,76,53
"B28 0PF",8,2,6,5
"B28 0PG",17,11,6,9
"B28 0PH",103,58,45,48
"B28 0PJ",17,10,7,6
"B28 0PL",112,56,56,54
"B28 0PN",15,9,6,6
"B28 0PP",63,36,27,21
"B28 0PQ",26,11,15,14
"B28 0PR",14,8,6,8
"B28 0PS",21,10,11,17
"B28 0PT",33,14,19,15
"B28 0PU",78,44,34,24
"B28 0PW",49,26,23,16
"B28 0PX",2,1,1,2
"B28 0PY",86,40,46,34
"B28 0PZ",34,17,17,15
"B28 0QA",72,36,36,23
"B28 0QB",41,24,17,16
"B28 0QD",33,15,18,11
"B28 0QE",110,59,51,37
"B28 0QF",25,15,10,14
"B28 0QG",25,14,11,12
"B28 0QH",88,49,39,32
"B28 0QJ",65,30,35,25
"B28 0QL",78,32,46,28
"B28 0QP",109,56,53,36
"B28 0QQ",30,14,16,7
"B28 0QR",85,41,44,30
"B28 0QS",73,40,33,19
"B28 0QT",23,10,13,9
"B28 0QU",19,8,11,8
"B28 0QW",67,34,33,25
"B28 0QX",38,17,21,15
"B28 0QY",34,17,17,15
"B28 0QZ",23,10,13,14
"B28 0RA",15,10,5,5
"B28 0RB",10,7,3,4
"B28 0RD",74,34,40,28
"B28 0RE",6,5,1,3
"B28 0RF",5,2,3,2
"B28 0RG",81,47,34,29
"B28 0RH",45,21,24,16
"B28 0RJ",87,43,44,29
"B28 0RL",70,38,32,18
"B28 0RN",40,21,19,15
"B28 0RP",62,32,30,20
"B28 0RQ",10,5,5,4
"B28 0RR",72,36,36,24
"B28 0RS",70,34,36,23
"B28 0RT",69,32,37,24
"B28 0RU",15,8,7,6
"B28 0RW",52,25,27,16
"B28 0RX",41,22,19,21
"B28 0RY",5,2,3,3
"B28 0SB",5,2,3,4
"B28 0SE",8,4,4,2
"B28 0SF",6,3,3,4
"B28 0SG",35,18,17,19
"B28 0SH",37,17,20,15
"B28 0SJ",31,12,19,16
"B28 0SL",59,25,34,25
"B28 0SN",82,34,48,30
"B28 0SP",40,18,22,25
"B28 0SQ",18,9,9,8
"B28 0SR",46,21,25,25
"B28 0SS",109,53,56,45
"B28 0ST",34,17,17,14
"B28 0SU",36,20,16,13
"B28 0SX",26,15,11,13
"B28 0SY",35,21,14,21
"B28 0SZ",47,15,32,12
"B28 0TA",14,8,6,9
"B28 0TB",78,34,44,25
"B28 0TD",12,6,6,5
"B28 0TE",74,33,41,27
"B28 0TF",82,42,40,32
"B28 0TG",94,45,49,45
"B28 0TJ",41,24,17,12
"B28 0TL",66,36,30,22
"B28 0TN",76,37,39,31
"B28 0TP",27,11,16,9
"B28 0TQ",48,17,31,23
"B28 0TR",70,34,36,30
"B28 0TS",57,29,28,18
"B28 0TT",81,39,42,31
"B28 0TU",43,19,24,15
"B28 0TW",76,40,36,34
"B28 0TX",38,20,18,17
"B28 0TY",101,47,54,42
"B28 0TZ",82,40,42,31
"B28 0UA",36,19,17,14
"B28 0UB",79,36,43,29
"B28 0UD",104,44,60,43
"B28 0UE",17,7,10,6
"B28 0UG",99,45,54,39
"B28 0UH",17,7,10,12
"B28 0UJ",116,57,59,43
"B28 0UL",94,43,51,39
"B28 0UN",101,57,44,33
"B28 0UP",109,56,53,45
"B28 0UR",108,51,57,49
"B28 0US",39,17,22,14
"B28 0UT",35,18,17,14
"B28 0UU",49,22,27,18
"B28 0UW",33,14,19,12
"B28 0UX",73,39,34,31
"B28 0UY",110,56,54,39
"B28 0XA",19,10,9,9
"B28 0XB",47,24,23,27
"B28 0XH",65,31,34,28
"B28 0XN",137,69,68,51
"B28 0XP",29,14,15,11
"B28 0XR",23,10,13,12
"B28 0XW",45,19,26,14
"B28 0XX",20,10,10,10
"B28 0XY",31,19,12,12
"B28 0XZ",35,18,17,15
"B28 0YD",60,24,36,20
"B28 0YH",45,24,21,17
"B28 0YJ",25,14,11,9
"B28 0YL",29,15,14,10
"B28 8AD",21,13,8,9
"B28 8AE",16,9,7,5
"B28 8AF",8,5,3,5
"B28 8AP",97,47,50,23
"B28 8AR",77,40,37,20
"B28 8AS",10,5,5,5
"B28 8AT",71,14,57,63
"B28 8AU",3,2,1,1
"B28 8AY",76,40,36,28
"B28 8BA",34,14,20,9
"B28 8BB",53,26,27,11
"B28 8BD",30,17,13,8
"B28 8BE",1,1,0,1
"B28 8BG",2,0,2,1
"B28 8BH",158,74,84,47
"B28 8BJ",96,44,52,36
"B28 8BL",25,9,16,10
"B28 8BN",5,3,2,2
"B28 8BQ",37,15,22,14
"B28 8BZ",19,11,8,6
"B28 8DA",89,44,45,31
"B28 8DB",14,7,7,4
"B28 8DD",71,36,35,21
"B28 8DE",44,22,22,12
"B28 8DG",84,46,38,23
"B28 8DH",98,40,58,32
"B28 8DJ",90,41,49,31
"B28 8DQ",170,85,85,44
"B28 8DR",84,43,41,29
"B28 8DS",44,19,25,19
"B28 8DT",89,48,41,31
"B28 8DU",88,41,47,30
"B28 8DX",149,77,72,56
"B28 8DY",47,25,22,17
"B28 8EA",74,28,46,30
"B28 8EB",69,36,33,28
"B28 8ED",89,38,51,33
"B28 8EE",28,13,15,16
"B28 8EF",48,22,26,17
"B28 8EH",111,52,59,32
"B28 8EJ",124,67,57,36
"B28 8EL",53,25,28,16
"B28 8EU",19,8,11,5
"B28 8EX",26,12,14,6
"B28 8EY",47,24,23,14
"B28 8EZ",104,59,45,30
"B28 8HA",17,10,7,6
"B28 8HB",32,15,17,12
"B28 8HD",30,14,16,14
"B28 8HE",40,20,20,13
"B28 8HG",12,9,3,3
"B28 8HP",14,9,5,7
"B28 8HT",24,15,9,7
"B28 8HU",86,40,46,26
"B28 8HX",32,14,18,12
"B28 8HY",72,38,34,27
"B28 8HZ",83,42,41,28
"B28 8JA",29,16,13,5
"B28 8JB",79,33,46,45
"B28 8JD",23,14,9,6
"B28 8JE",53,27,26,18
"B28 8JF",70,36,34,21
"B28 8JG",84,45,39,23
"B28 8JP",67,37,30,19
"B28 8JQ",51,30,21,15
"B28 8JR",38,23,15,16
"B28 8JX",30,13,17,8
"B28 8JY",70,30,40,20
"B28 8JZ",117,61,56,40
"B28 8LA",77,37,40,19
"B28 8LB",129,57,72,40
"B28 8LD",53,26,27,21
"B28 8LE",44,19,25,13
"B28 8LF",43,24,19,21
"B28 8LH",59,30,29,19
"B28 8LU",38,12,26,12
"B28 8LW",5,3,2,1
"B28 8LX",37,19,18,9
"B28 8LY",52,24,28,25
"B28 8LZ",70,35,35,25
"B28 8NA",23,8,15,7
"B28 8NB",56,34,22,20
"B28 8ND",31,15,16,15
"B28 8NE",17,10,7,4
"B28 8NF",18,9,9,7
"B28 8NG",6,3,3,2
"B28 8NN",44,23,21,17
"B28 8NP",67,33,34,21
"B28 8NR",32,14,18,12
"B28 8NS",126,58,68,52
"B28 8NT",82,37,45,32
"B28 8NU",27,11,16,15
"B28 8NW",82,38,44,27
"B28 8NX",6,3,3,3
"B28 8NY",38,20,18,12
"B28 8PA",23,10,13,10
"B28 8PB",17,11,6,4
"B28 8PD",12,5,7,4
"B28 8PE",29,17,12,9
"B28 8PF",46,23,23,14
"B28 8PG",12,5,7,3
"B28 8PH",110,61,49,36
"B28 8PJ",30,13,17,10
"B28 8PL",97,49,48,29
"B28 8PN",128,51,77,42
"B28 8PR",58,26,32,20
"B28 8PS",70,33,37,19
"B28 8PT",36,20,16,11
"B28 8PU",47,26,21,14
"B28 8PX",123,67,56,39
"B28 8PY",79,37,42,27
"B28 8QA",40,17,23,13
"B28 8QB",23,9,14,7
"B28 8QH",66,33,33,24
"B28 8QJ",26,10,16,12
"B28 8QL",69,30,39,23
"B28 8QN",93,46,47,32
"B28 8QP",32,9,23,8
"B28 8QT",23,15,8,11
"B28 8QU",11,6,5,4
"B28 8QY",92,38,54,50
"B28 8QZ",52,21,31,31
"B28 8RA",17,8,9,5
"B28 8RD",76,35,41,23
"B28 8RJ",88,44,44,26
"B28 8RL",84,39,45,28
"B28 8RN",123,63,60,37
"B28 8RP",13,4,9,9
"B28 8RW",79,39,40,25
"B28 8RX",91,48,43,37
"B28 8RY",29,16,13,6
"B28 8SE",121,65,56,34
"B28 8SF",121,67,54,28
"B28 8SG",94,43,51,25
"B28 8SH",10,6,4,4
"B28 8SJ",55,27,28,18
"B28 8SL",48,25,23,18
"B28 8SN",64,35,29,23
"B28 8SP",13,4,9,5
"B28 8SQ",50,26,24,15
"B28 8SR",85,39,46,25
"B28 8SS",45,16,29,35
"B28 8ST",14,8,6,6
"B28 8SU",40,21,19,11
"B28 8SX",33,17,16,8
"B28 8SY",70,30,40,18
"B28 8SZ",76,27,49,24
"B28 8TB",80,32,48,19
"B28 8TD",71,33,38,20
"B28 8TE",146,80,66,46
"B28 9AA",2,1,1,1
"B28 9AB",98,46,52,34
"B28 9AJ",51,30,21,13
"B28 9AL",8,5,3,4
"B28 9AR",120,54,66,33
"B28 9AS",65,35,30,16
"B28 9AT",62,30,32,24
"B28 9AU",71,39,32,21
"B28 9AX",50,23,27,16
"B28 9AY",2,1,1,1
"B28 9BE",18,9,9,5
"B28 9BG",84,44,40,26
"B28 9BH",32,20,12,30
"B28 9BJ",27,13,14,12
"B28 9BL",22,12,10,12
"B28 9BP",45,24,21,19
"B28 9BQ",45,18,27,12
"B28 9BS",79,41,38,28
"B28 9BU",11,4,7,4
"B28 9DA",13,5,8,8
"B28 9DB",26,10,16,7
"B28 9DD",72,41,31,22
"B28 9DE",13,6,7,6
"B28 9DF",18,9,9,7
"B28 9DG",93,43,50,39
"B28 9DH",25,15,10,9
"B28 9DJ",119,56,63,29
"B28 9DL",100,46,54,28
"B28 9DN",24,12,12,5
"B28 9DP",40,18,22,22
"B28 9DR",41,20,21,14
"B28 9DS",192,104,88,58
"B28 9DT",21,10,11,6
"B28 9DU",29,15,14,15
"B28 9DW",30,19,11,12
"B28 9DX",30,15,15,12
"B28 9EA",14,6,8,8
"B28 9EE",31,15,16,12
"B28 9EF",3,2,1,1
"B28 9EG",108,49,59,35
"B28 9EH",11,8,3,6
"B28 9EL",120,60,60,33
"B28 9EN",85,38,47,22
"B28 9EP",45,23,22,15
"B28 9EQ",132,63,69,38
"B28 9ER",45,20,25,17
"B28 9ES",53,27,26,22
"B28 9ET",40,14,26,29
"B28 9EX",66,23,43,53
"B28 9EY",123,65,58,37
"B28 9HA",36,17,19,12
"B28 9HF",7,4,3,4
"B28 9HH",7,4,3,3
"B28 9HR",164,88,76,40
"B28 9HS",73,36,37,28
"B28 9HT",81,43,38,20
"B28 9HW",28,14,14,12
"B28 9JA",40,20,20,22
"B28 9JB",74,39,35,20
"B28 9JH",52,17,35,36
"B28 9JJ",105,47,58,31
"B28 9JL",52,27,25,14
"B28 9JN",17,8,9,6
"B28 9JP",38,21,17,11
"B28 9JR",75,35,40,25
"B28 9JU",34,17,17,10
"B28 9JW",24,11,13,5
"B28 9JX",52,24,28,15
"B28 9JZ",25,9,16,13
"B28 9LA",1,0,1,1
"B28 9LB",28,12,16,11
"B28 9LD",25,12,13,7
"B28 9LE",16,9,7,6
"B28 9LF",40,21,19,13
"B28 9LG",67,32,35,22
"B28 9LH",37,19,18,10
"B28 9LJ",135,68,67,45
"B28 9LL",60,27,33,19
"B28 9LS",36,17,19,19
"B28 9LT",35,12,23,11
"B28 9LU",65,34,31,27
"B28 9LX",40,20,20,15
"B28 9LY",75,36,39,32
"B28 9NA",124,57,67,65
"B28 9NB",10,5,5,4
"B28 9ND",67,28,39,25
"B28 9NE",38,19,19,17
"B28 9NF",10,4,6,4
"B28 9NG",78,33,45,32
"B28 9NH",105,61,44,30
"B28 9NJ",15,8,7,7
"B28 9NL",45,22,23,21
"B28 9NN",19,10,9,4
"B28 9NP",13,6,7,7
"B28 9NQ",48,23,25,18
"B28 9NR",19,10,9,5
"B28 9NS",19,10,9,8
"B28 9NT",52,24,28,20
"B28 9NU",54,24,30,18
"B28 9NW",15,6,9,6
"B28 9NX",16,6,10,8
"B28 9NZ",13,6,7,8
"B28 9PD",22,11,11,9
"B28 9PE",66,30,36,25
"B28 9PF",45,20,25,17
"B28 9PG",32,14,18,12
"B28 9PH",56,27,29,21
"B28 9PJ",105,49,56,39
"B28 9PL",72,36,36,30
"B28 9PN",53,29,24,20
"B28 9PP",61,27,34,24
"B28 9PS",104,49,55,38
"B28 9PT",33,13,20,13
"B28 9PU",26,8,18,9
"B28 9PW",48,23,25,18
"B28 9PX",97,51,46,36
"B28 9PY",40,17,23,20
"B28 9PZ",31,13,18,11
"B28 9QA",45,22,23,19
"B28 9QB",59,29,30,23
"B28 9QD",86,43,43,42
"B28 9QE",171,92,79,67
"B28 9QF",67,37,30,26
"B28 9QL",24,14,10,9
"B28 9QN",7,3,4,2
"B28 9QP",105,47,58,33
"B28 9QR",60,30,30,18
"B28 9QS",35,19,16,13
"B28 9QT",6,4,2,2
"B28 9QU",102,48,54,31
"B28 9QW",13,7,6,5
"B28 9QX",124,65,59,36
"B28 9QY",92,44,48,34
"B28 9QZ",110,55,55,37
"B28 9RA",153,80,73,52
"B28 9RB",114,54,60,50
"B28 9RD",48,22,26,23
"B28 9RE",55,23,32,22
"B28 9RG",82,39,43,33
"B28 9RH",40,20,20,11
"B28 9RJ",6,3,3,3
"B28 9RL",72,41,31,33
"B28 9RN",21,11,10,6
"B29 4AA",38,15,23,16
"B29 4AB",27,13,14,11
"B29 4AD",27,12,15,12
"B29 4AE",31,16,15,13
"B29 4AG",73,40,33,31
"B29 4AH",14,8,6,7
"B29 4AJ",21,12,9,12
"B29 4AL",14,6,8,7
"B29 4AN",26,11,15,11
"B29 4AR",4,2,2,1
"B29 4AS",40,16,24,20
"B29 4AT",1,0,1,1
"B29 4AU",2,1,1,1
"B29 4AW",41,22,19,18
"B29 4AX",48,23,25,24
"B29 4AY",58,23,35,25
"B29 4BE",43,21,22,16
"B29 4BF",29,8,21,16
"B29 4BG",5,3,2,2
"B29 4BH",41,17,24,16
"B29 4BJ",22,10,12,12
"B29 4BL",6,4,2,2
"B29 4BN",5,3,2,5
"B29 4BP",28,14,14,13
"B29 4BQ",4,2,2,2
"B29 4BS",24,12,12,10
"B29 4BT",31,17,14,10
"B29 4BU",74,31,43,29
"B29 4BX",28,8,20,0
"B29 4BY",51,25,26,22
"B29 4DA",37,16,21,17
"B29 4DB",18,9,9,10
"B29 4DD",57,29,28,29
"B29 4DE",50,21,29,23
"B29 4DF",94,46,48,35
"B29 4DG",55,26,29,24
"B29 4DH",13,3,10,11
"B29 4DJ",33,14,19,10
"B29 4DL",23,9,14,8
"B29 4DN",71,31,40,30
"B29 4DP",51,21,30,27
"B29 4DR",112,57,55,44
"B29 4DS",78,34,44,24
"B29 4DT",19,9,10,9
"B29 4DU",68,34,34,25
"B29 4DX",47,29,18,23
"B29 4DY",71,32,39,41
"B29 4DZ",83,47,36,36
"B29 4EA",80,40,40,24
"B29 4EB",56,24,32,17
"B29 4ED",37,19,18,17
"B29 4EE",89,43,46,38
"B29 4EF",72,27,45,29
"B29 4EG",28,11,17,10
"B29 4EH",32,12,20,9
"B29 4EJ",37,21,16,18
"B29 4EL",38,13,25,16
"B29 4EN",5,1,4,4
"B29 4EP",51,25,26,20
"B29 4EQ",35,14,21,11
"B29 4ER",47,25,22,22
"B29 4ES",58,34,24,22
"B29 4ET",10,4,6,6
"B29 4EU",54,27,27,22
"B29 4EW",35,13,22,12
"B29 4HA",25,15,10,10
"B29 4HB",43,23,20,16
"B29 4HD",3,1,2,1
"B29 4HH",37,16,21,22
"B29 4HJ",71,35,36,19
"B29 4HL",79,33,46,29
"B29 4HN",42,17,25,14
"B29 4HQ",52,33,19,47
"B29 4HR",75,30,45,28
"B29 4HS",65,28,37,30
"B29 4HT",33,13,20,12
"B29 4HU",39,15,24,14
"B29 4HX",40,18,22,20
"B29 4HZ",8,4,4,3
"B29 4JD",13,7,6,5
"B29 4JE",8,1,7,8
"B29 4JH",46,24,22,21
"B29 4JJ",73,33,40,34
"B29 4JR",19,9,10,7
"B29 4JS",25,12,13,11
"B29 4JT",31,14,17,12
"B29 4JU",51,21,30,21
"B29 4JX",39,18,21,24
"B29 4JY",30,15,15,12
"B29 4LA",6,4,2,4
"B29 4LB",44,21,23,18
"B29 4LE",24,12,12,8
"B29 4LG",41,19,22,15
"B29 4LH",18,11,7,6
"B29 4LN",23,13,10,10
"B29 4LP",38,20,18,14
"B29 4LQ",38,18,20,17
"B29 4LR",49,27,22,19
"B29 4LS",48,28,20,19
"B29 4LT",94,41,53,47
"B29 4LU",50,24,26,18
"B29 4LW",8,5,3,2
"B29 4LX",92,44,48,41
"B29 4LY",22,11,11,11
"B29 4NE",37,17,20,14
"B29 4NG",18,8,10,7
"B29 4NH",51,21,30,20
"B29 4NJ",117,50,67,54
"B29 4NL",58,31,27,26
"B29 4NN",88,45,43,32
"B29 4NP",29,13,16,15
"B29 4NQ",27,14,13,13
"B29 4NR",75,31,44,36
"B29 4NS",52,37,15,36
"B29 4NT",39,19,20,27
"B29 4NU",60,31,29,36
"B29 4NW",35,16,19,17
"B29 4NZ",83,52,31,42
"B29 4PA",33,19,14,18
"B29 4PG",38,19,19,22
"B29 4PH",47,17,30,28
"B29 4PJ",24,10,14,12
"B29 4PL",46,27,19,27
"B29 4PN",34,17,17,25
"B29 4PP",18,9,9,6
"B29 4PQ",42,30,12,34
"B29 4PR",68,34,34,40
"B29 4PS",13,10,3,12
"B29 4PT",50,27,23,30
"B29 4PU",64,34,30,36
"B29 4PW",37,26,11,27
"B29 4PX",6,3,3,4
"B29 4PY",42,29,13,33
"B29 4PZ",33,15,18,18
"B29 4QE",26,14,12,12
"B29 4QF",117,58,59,45
"B29 4QN",78,30,48,32
"B29 4QP",22,13,9,9
"B29 4QR",103,44,59,39
"B29 4QS",26,11,15,8
"B29 4QT",70,21,49,28
"B29 4QU",27,14,13,13
"B29 4QX",129,58,71,43
"B29 4QY",24,15,9,9
"B29 4QZ",26,15,11,13
"B29 4RA",22,12,10,10
"B29 4RB",121,62,59,52
"B29 4RD",72,39,33,29
"B29 4RE",66,32,34,26
"B29 4RG",7,5,2,2
"B29 5AG",50,20,30,20
"B29 5AH",93,46,47,59
"B29 5AL",9,4,5,4
"B29 5AP",54,30,24,26
"B29 5AQ",5,3,2,4
"B29 5AR",12,4,8,8
"B29 5AT",67,28,39,32
"B29 5AU",79,34,45,32
"B29 5AX",72,35,37,32
"B29 5AY",100,51,49,31
"B29 5BA",23,15,8,13
"B29 5BB",39,25,14,18
"B29 5BD",114,59,55,49
"B29 5BE",53,27,26,22
"B29 5BG",77,37,40,35
"B29 5BH",117,49,68,38
"B29 5BJ",33,18,15,18
"B29 5BL",20,10,10,8
"B29 5BN",41,18,23,17
"B29 5BP",22,13,9,10
"B29 5BQ",62,31,31,25
"B29 5BS",55,26,29,21
"B29 5BT",15,7,8,8
"B29 5BU",70,37,33,25
"B29 5BW",11,7,4,0
"B29 5BZ",18,12,6,11
"B29 5DB",43,22,21,18
"B29 5DD",48,24,24,19
"B29 5DE",67,27,40,22
"B29 5DG",58,28,30,20
"B29 5DH",46,22,24,17
"B29 5DJ",15,8,7,7
"B29 5DL",76,38,38,25
"B29 5DN",24,13,11,10
"B29 5DP",32,9,23,12
"B29 5DR",74,30,44,25
"B29 5DS",64,31,33,29
"B29 5DT",68,33,35,28
"B29 5DU",93,45,48,37
"B29 5DW",70,29,41,26
"B29 5DX",16,7,9,6
"B29 5DY",44,25,19,17
"B29 5EA",21,11,10,8
"B29 5EB",40,22,18,13
"B29 5ED",33,17,16,12
"B29 5EE",34,15,19,12
"B29 5EG",52,29,23,17
"B29 5EH",62,39,23,24
"B29 5EJ",55,21,34,28
"B29 5EL",83,45,38,31
"B29 5EN",53,21,32,21
"B29 5EP",77,36,41,42
"B29 5EQ",81,41,40,29
"B29 5ER",83,39,44,33
"B29 5ES",75,40,35,38
"B29 5HA",73,32,41,30
"B29 5HB",31,17,14,16
"B29 5HD",42,21,21,14
"B29 5HE",46,33,13,17
"B29 5HF",27,12,15,11
"B29 5HG",62,34,28,23
"B29 5HH",29,12,17,11
"B29 5HJ",72,31,41,32
"B29 5HL",15,6,9,8
"B29 5HN",109,56,53,41
"B29 5HP",50,24,26,18
"B29 5HQ",45,19,26,19
"B29 5HR",83,37,46,26
"B29 5HS",25,14,11,10
"B29 5HT",52,20,32,20
"B29 5HU",4,1,3,1
"B29 5HX",30,12,18,13
"B29 5HY",28,14,14,9
"B29 5HZ",7,4,3,3
"B29 5JA",39,20,19,16
"B29 5JB",55,24,31,22
"B29 5JD",50,19,31,22
"B29 5JE",10,5,5,7
"B29 5JF",28,12,16,16
"B29 5JG",54,22,32,21
"B29 5JH",31,9,22,14
"B29 5JJ",90,42,48,32
"B29 5JL",58,30,28,23
"B29 5JN",94,42,52,35
"B29 5JP",12,8,4,5
"B29 5JQ",31,11,20,17
"B29 5JR",89,44,45,31
"B29 5JS",88,41,47,40
"B29 5JW",81,40,41,29
"B29 5LA",156,71,85,107
"B29 5LB",6,3,3,3
"B29 5LD",9,3,6,5
"B29 5LE",30,14,16,12
"B29 5LF",69,32,37,27
"B29 5LG",14,8,6,7
"B29 5LH",104,47,57,44
"B29 5LJ",61,30,31,23
"B29 5LN",116,52,64,44
"B29 5LP",40,21,19,14
"B29 5LR",96,42,54,33
"B29 5LS",60,25,35,23
"B29 5LT",42,24,18,16
"B29 5LU",46,22,24,19
"B29 5LX",20,10,10,9
"B29 5LY",47,19,28,16
"B29 5NA",65,36,29,27
"B29 5NB",31,14,17,12
"B29 5ND",22,13,9,8
"B29 5NE",58,32,26,21
"B29 5NG",4,3,1,2
"B29 5NH",15,9,6,4
"B29 5NJ",97,50,47,38
"B29 5NL",87,32,55,39
"B29 5NN",15,4,11,5
"B29 5NP",90,43,47,36
"B29 5NQ",10,3,7,5
"B29 5NR",39,15,24,12
"B29 5NS",47,19,28,16
"B29 5NT",66,32,34,27
"B29 5NU",15,8,7,5
"B29 5NX",35,16,19,16
"B29 5NY",14,5,9,7
"B29 5NZ",16,10,6,5
"B29 5PA",15,7,8,4
"B29 5PB",6,4,2,3
"B29 5PG",52,30,22,28
"B29 5PL",59,31,28,20
"B29 5PN",54,28,26,26
"B29 5PQ",12,7,5,6
"B29 5PT",85,39,46,36
"B29 5PU",52,19,33,18
"B29 5PX",31,12,19,13
"B29 5PY",34,15,19,16
"B29 5PZ",35,17,18,16
"B29 5QA",168,79,89,66
"B29 5QD",72,34,38,29
"B29 5QH",51,19,32,24
"B29 5QL",48,27,21,20
"B29 5QN",61,25,36,25
"B29 5QP",59,30,29,20
"B29 5QS",79,39,40,33
"B29 5QT",95,39,56,40
"B29 5QU",20,10,10,9
"B29 5QW",56,27,29,23
"B29 5QX",39,16,23,17
"B29 5QY",43,18,25,18
"B29 5RA",29,13,16,10
"B29 5RB",2,0,2,2
"B29 5RD",84,39,45,41
"B29 5RE",95,52,43,38
"B29 5RJ",95,38,57,31
"B29 5RN",91,46,45,32
"B29 5RP",24,11,13,11
"B29 5RR",53,26,27,13
"B29 5RS",51,26,25,20
"B29 5RT",96,50,46,35
"B29 5RU",36,12,24,16
"B29 5RX",27,13,14,14
"B29 5RY",75,36,39,30
"B29 5SA",22,11,11,14
"B29 5SD",6,4,2,3
"B29 5SE",65,32,33,25
"B29 5SG",14,7,7,6
"B29 5SH",186,88,98,71
"B29 5SJ",92,40,52,36
"B29 5SL",6,4,2,3
"B29 5SN",107,50,57,48
"B29 5SP",19,7,12,8
"B29 5SR",40,19,21,13
"B29 5SS",45,22,23,19
"B29 5ST",12,4,8,8
"B29 5SU",15,7,8,8
"B29 5SW",55,27,28,23
"B29 5SX",43,22,21,15
"B29 5SY",49,29,20,23
"B29 5TA",38,22,16,16
"B29 5TB",65,39,26,19
"B29 5TD",6,2,4,1
"B29 5TE",27,8,19,16
"B29 5TF",49,19,30,20
"B29 5TG",99,46,53,38
"B29 5TN",119,53,66,54
"B29 5TU",63,29,34,26
"B29 5TW",158,78,80,61
"B29 5TX",37,17,20,14
"B29 5TY",67,36,31,38
"B29 5UA",90,45,45,35
"B29 5UF",56,24,32,22
"B29 5UG",68,27,41,25
"B29 5UJ",85,43,42,34
"B29 5UL",10,5,5,6
"B29 5UN",13,8,5,9
"B29 5UT",29,19,10,11
"B29 5UW",37,16,21,9
"B29 5XA",37,19,18,21
"B29 5XB",114,56,58,45
"B29 5XD",64,31,33,24
"B29 5XE",27,15,12,15
"B29 5XG",76,36,40,34
"B29 5XP",71,32,39,31
"B29 5XR",69,28,41,33
"B29 5XY",23,6,17,8
"B29 5XZ",51,20,31,21
"B29 6AE",8,6,2,2
"B29 6AF",43,27,16,13
"B29 6AG",197,108,89,58
"B29 6AH",158,70,88,44
"B29 6AJ",5,4,1,1
"B29 6AN",128,63,65,36
"B29 6AP",24,10,14,6
"B29 6AQ",6,6,0,1
"B29 6AU",89,38,51,17
"B29 6AW",124,70,54,38
"B29 6BD",162,79,83,38
"B29 6BE",29,20,9,12
"B29 6BJ",66,20,46,15
"B29 6BL",613,223,390,0
"B29 6BP",235,85,150,49
"B29 6BQ",41,20,21,16
"B29 6BS",126,44,82,30
"B29 6BT",80,33,47,22
"B29 6BU",216,108,108,42
"B29 6BW",100,46,54,28
"B29 6BY",142,84,58,38
"B29 6DA",122,57,65,32
"B29 6DB",230,103,127,51
"B29 6DP",168,80,88,45
"B29 6DR",108,56,52,27
"B29 6DS",42,20,22,14
"B29 6DU",70,37,33,27
"B29 6DX",91,44,47,23
"B29 6DY",29,15,14,8
"B29 6EA",21,7,14,4
"B29 6EB",25,7,18,8
"B29 6ED",40,13,27,10
"B29 6EE",56,26,30,14
"B29 6EF",63,23,40,17
"B29 6EG",16,8,8,7
"B29 6EH",74,23,51,21
"B29 6EJ",199,82,117,54
"B29 6EL",236,105,131,53
"B29 6EN",124,58,66,27
"B29 6EP",234,124,110,50
"B29 6EQ",23,14,9,11
"B29 6ER",222,108,114,57
"B29 6ES",176,78,98,48
"B29 6ET",178,61,117,41
"B29 6EU",153,86,67,38
"B29 6EW",44,20,24,14
"B29 6EX",108,56,52,31
"B29 6EZ",146,61,85,43
"B29 6FG",358,136,222,11
"B29 6FQ",198,87,111,23
"B29 6HA",60,26,34,25
"B29 6HE",58,32,26,13
"B29 6HH",75,42,33,19
"B29 6HJ",43,20,23,14
"B29 6HP",82,41,41,34
"B29 6HQ",117,54,63,22
"B29 6HR",125,66,59,38
"B29 6HT",16,8,8,8
"B29 6HU",19,5,14,6
"B29 6HW",16,10,6,8
"B29 6HX",110,65,45,26
"B29 6HY",141,71,70,33
"B29 6HZ",1,0,1,1
"B29 6JD",9,6,3,0
"B29 6JE",19,14,5,11
"B29 6JG",24,12,12,9
"B29 6JH",16,7,9,10
"B29 6JL",29,17,12,15
"B29 6JN",25,9,16,10
"B29 6JQ",29,11,18,9
"B29 6JR",81,38,43,29
"B29 6JT",57,42,15,42
"B29 6JU",86,44,42,36
"B29 6JW",125,56,69,49
"B29 6JX",113,59,54,36
"B29 6JY",106,50,56,35
"B29 6JZ",76,40,36,30
"B29 6LA",8,4,4,1
"B29 6LE",25,11,14,15
"B29 6LF",59,24,35,15
"B29 6LG",4,2,2,2
"B29 6LH",13,12,1,0
"B29 6LJ",7,2,5,4
"B29 6LN",30,16,14,9
"B29 6LX",32,21,11,12
"B29 6NA",31,18,13,12
"B29 6NB",53,25,28,21
"B29 6ND",142,54,88,62
"B29 6NE",95,36,59,73
"B29 6NG",165,77,88,62
"B29 6NH",112,64,48,45
"B29 6NJ",32,13,19,12
"B29 6NL",85,37,48,33
"B29 6NN",40,17,23,15
"B29 6NP",83,44,39,32
"B29 6NQ",27,4,23,24
"B29 6NR",75,35,40,29
"B29 6NS",103,48,55,49
"B29 6NT",35,18,17,12
"B29 6NU",38,16,22,15
"B29 6NX",99,45,54,42
"B29 6NY",72,35,37,33
"B29 6PA",7,2,5,3
"B29 6PB",68,24,44,27
"B29 6PG",42,25,17,11
"B29 6PH",76,40,36,28
"B29 6PJ",72,32,40,34
"B29 6PL",47,23,24,20
"B29 6PN",49,24,25,16
"B29 6PP",70,40,30,33
"B29 6PQ",50,25,25,24
"B29 6PR",64,29,35,28
"B29 6PS",23,8,15,8
"B29 6PT",9,3,6,4
"B29 6PU",59,30,29,32
"B29 6PW",34,12,22,15
"B29 6PX",71,28,43,30
"B29 6PY",78,40,38,30
"B29 6PZ",68,31,37,26
"B29 6QA",112,55,57,48
"B29 6QB",61,34,27,23
"B29 6QD",47,24,23,18
"B29 6QE",145,70,75,56
"B29 6QF",1,0,1,1
"B29 6QG",66,35,31,24
"B29 6QH",112,54,58,42
"B29 6QJ",162,81,81,58
"B29 6QL",16,11,5,5
"B29 6QN",22,14,8,8
"B29 6QP",70,42,28,30
"B29 6QQ",55,22,33,18
"B29 6QR",61,34,27,19
"B29 6QS",9,5,4,5
"B29 6QU",13,5,8,5
"B29 6QX",26,12,14,1
"B29 6QY",50,17,33,11
"B29 6QZ",71,35,36,26
"B29 6RB",23,13,10,15
"B29 6RE",10,6,4,3
"B29 6RH",52,27,25,25
"B29 6RJ",7,5,2,2
"B29 6RL",23,16,7,10
"B29 6RN",20,12,8,10
"B29 6RP",89,38,51,34
"B29 6RR",77,40,37,32
"B29 6RS",86,41,45,35
"B29 6RT",53,25,28,18
"B29 6RU",30,12,18,9
"B29 6RX",73,34,39,32
"B29 6RY",68,31,37,33
"B29 6RZ",76,35,41,30
"B29 6SA",115,56,59,40
"B29 6SB",117,61,56,52
"B29 6SD",58,31,27,31
"B29 6SN",4,2,2,2
"B29 6SS",57,35,22,20
"B29 6ST",85,39,46,33
"B29 6SU",73,37,36,34
"B29 6SX",137,64,73,58
"B29 6SY",22,8,14,10
"B29 6TA",101,44,57,40
"B29 6TB",77,35,42,30
"B29 6TD",64,30,34,28
"B29 6TE",120,64,56,54
"B29 6TF",132,66,66,59
"B29 6TG",41,17,24,9
"B29 6TP",54,25,29,24
"B29 6TQ",93,43,50,26
"B29 6TR",58,35,23,23
"B29 6TS",92,47,45,35
"B29 6UN",122,63,59,61
"B29 6UW",71,32,39,41
"B29 7AA",107,59,48,26
"B29 7AB",12,3,9,6
"B29 7AE",248,125,123,34
"B29 7AF",197,80,117,55
"B29 7AG",35,11,24,15
"B29 7AH",174,63,111,37
"B29 7AJ",80,38,42,20
"B29 7AL",17,8,9,6
"B29 7AN",16,8,8,6
"B29 7AQ",28,12,16,5
"B29 7AR",186,104,82,39
"B29 7AS",160,66,94,33
"B29 7AT",157,62,95,33
"B29 7AU",160,75,85,34
"B29 7AW",26,10,16,7
"B29 7AX",111,55,56,25
"B29 7AY",147,48,99,39
"B29 7AZ",108,57,51,25
"B29 7BA",172,86,86,38
"B29 7BH",69,36,33,12
"B29 7BJ",58,36,22,11
"B29 7BL",25,8,17,11
"B29 7BN",147,77,70,31
"B29 7BP",136,63,73,31
"B29 7BQ",85,43,42,19
"B29 7BS",7,6,1,1
"B29 7BT",93,49,44,16
"B29 7BU",109,56,53,24
"B29 7BX",40,22,18,15
"B29 7BY",57,21,36,14
"B29 7DA",11,3,8,2
"B29 7DB",1,1,0,1
"B29 7DD",148,78,70,26
"B29 7DE",139,62,77,33
"B29 7DG",173,84,89,36
"B29 7DH",23,16,7,5
"B29 7DJ",28,19,9,6
"B29 7DL",201,101,100,56
"B29 7DN",240,94,146,54
"B29 7DQ",129,73,56,27
"B29 7DU",222,97,125,46
"B29 7DW",171,99,72,30
"B29 7DX",225,111,114,47
"B29 7ED",57,35,22,20
"B29 7EG",50,24,26,21
"B29 7EJ",87,56,31,19
"B29 7EN",20,10,10,8
"B29 7EP",93,52,41,37
"B29 7EQ",15,8,7,0
"B29 7ER",89,43,46,37
"B29 7ES",40,18,22,16
"B29 7EU",31,16,15,14
"B29 7EX",99,46,53,42
"B29 7HA",1,1,0,1
"B29 7HB",29,14,15,8
"B29 7HD",113,60,53,51
"B29 7HG",52,24,28,22
"B29 7HH",29,15,14,10
"B29 7HL",31,17,14,13
"B29 7HP",29,13,16,10
"B29 7HQ",10,6,4,2
"B29 7HU",81,39,42,26
"B29 7HW",56,25,31,14
"B29 7HY",32,12,20,17
"B29 7HZ",3,1,2,2
"B29 7JA",31,16,15,12
"B29 7JB",13,6,7,5
"B29 7JD",69,39,30,41
"B29 7JE",11,5,6,4
"B29 7JG",17,8,9,7
"B29 7JH",75,38,37,39
"B29 7JJ",37,17,20,14
"B29 7JL",42,23,19,18
"B29 7JN",13,9,4,4
"B29 7JP",34,20,14,12
"B29 7JQ",49,23,26,25
"B29 7JR",55,27,28,14
"B29 7JS",114,58,56,35
"B29 7JW",22,11,11,9
"B29 7JX",26,14,12,8
"B29 7LF",54,35,19,17
"B29 7LH",65,34,31,22
"B29 7LL",81,1,80,0
"B29 7LP",2,1,1,1
"B29 7LR",36,28,8,15
"B29 7LS",102,55,47,43
"B29 7LT",22,15,7,14
"B29 7LU",18,10,8,9
"B29 7LW",60,31,29,21
"B29 7LZ",24,13,11,10
"B29 7NA",23,11,12,10
"B29 7ND",64,35,29,34
"B29 7NF",26,14,12,17
"B29 7NG",43,26,17,16
"B29 7NH",20,8,12,10
"B29 7NJ",46,23,23,17
"B29 7NL",6,2,4,5
"B29 7NN",12,2,10,4
"B29 7NP",52,23,29,21
"B29 7NQ",57,27,30,30
"B29 7NR",48,25,23,14
"B29 7NS",120,64,56,44
"B29 7NT",37,14,23,24
"B29 7NU",36,14,22,19
"B29 7NW",14,5,9,8
"B29 7NX",35,19,16,12
"B29 7NY",42,21,21,19
"B29 7PE",13,5,8,6
"B29 7PH",98,55,43,25
"B29 7PN",53,23,30,14
"B29 7PP",84,39,45,12
"B29 7PQ",9,5,4,4
"B29 7PS",40,19,21,15
"B29 7PT",7,3,4,4
"B29 7PU",150,74,76,39
"B29 7PX",115,62,53,28
"B29 7PY",119,60,59,43
"B29 7PZ",83,42,41,35
"B29 7QA",59,32,27,23
"B29 7QB",54,25,29,20
"B29 7QD",103,55,48,43
"B29 7QE",112,57,55,48
"B29 7QG",65,33,32,34
"B29 7QH",80,40,40,27
"B29 7QJ",124,57,67,53
"B29 7QL",14,5,9,5
"B29 7QQ",105,56,49,51
"B29 7QR",118,63,55,36
"B29 7QS",15,5,10,13
"B29 7QT",39,13,26,30
"B29 7QU",48,21,27,18
"B29 7QX",110,60,50,45
"B29 7QY",24,16,8,10
"B29 7RA",96,50,46,38
"B29 7RB",46,21,25,21
"B29 7RD",98,54,44,34
"B29 7RE",1,0,1,1
"B29 7RG",103,55,48,42
"B29 7RH",34,17,17,18
"B29 7RJ",31,20,11,15
"B29 7RL",132,77,55,54
"B29 7RN",120,61,59,39
"B29 7RP",72,31,41,24
"B29 7RQ",150,70,80,54
"B29 7RR",38,18,20,20
"B29 7RS",137,80,57,49
"B29 7RZ",134,75,59,36
"B29 7SA",14,6,8,3
"B29 7SB",77,35,42,24
"B29 7SD",72,36,36,33
"B29 7SE",44,19,25,17
"B29 7SF",29,15,14,25
"B29 7SG",144,66,78,54
"B29 7SL",122,62,60,49
"B29 7SN",104,54,50,40
"B29 7SP",115,60,55,44
"B29 7SQ",58,27,31,25
"B29 7SR",72,40,32,27
"B29 7SS",88,46,42,33
"B29 7ST",58,25,33,20
"B29 7SU",70,33,37,22
"B29 7SW",93,38,55,37
"B29 7SX",99,49,50,39
"B29 7SZ",70,39,31,27
"B29 7TD",110,64,46,37
"B3  1AP",1,1,0,1
"B3  1AQ",2,0,2,1
"B3  1AT",65,35,30,34
"B3  1BA",96,52,44,62
"B3  1BG",137,71,66,89
"B3  1BJ",75,43,32,47
"B3  1DR",106,57,49,64
"B3  1DW",55,36,19,30
"B3  1EH",1,0,1,1
"B3  1ER",2,2,0,2
"B3  1FQ",134,86,48,91
"B3  1HL",1,0,1,1
"B3  1HP",2,0,2,1
"B3  1JH",89,49,40,53
"B3  1JL",111,60,51,62
"B3  1JN",37,24,13,22
"B3  1LJ",143,73,70,85
"B3  1LL",99,62,37,57
"B3  1NQ",3,2,1,2
"B3  1PP",81,39,42,52
"B3  1PT",68,40,28,38
"B3  1PW",70,38,32,48
"B3  1PX",1,1,0,1
"B3  1QA",94,52,42,54
"B3  1QG",69,42,27,40
"B3  1QS",96,67,29,69
"B3  1QZ",3,2,1,1
"B3  1RB",29,17,12,18
"B3  1RD",98,61,37,64
"B3  1RR",44,24,20,25
"B3  1RS",1,0,1,1
"B3  1RW",38,25,13,26
"B3  1RY",1,0,1,1
"B3  1SA",33,25,8,25
"B3  1SD",8,4,4,5
"B3  1SH",6,4,2,3
"B3  1TE",93,57,36,74
"B3  1TR",48,24,24,31
"B3  1TX",41,27,14,25
"B3  1UD",10,6,4,8
"B3  1UG",3,3,0,2
"B3  1UQ",42,21,21,30
"B3  1UR",10,5,5,6
"B3  2DP",2,1,1,1
"B3  2ES",26,18,8,16
"B3  2HJ",1,0,1,1
"B3  2NH",19,9,10,15
"B3  2NT",12,7,5,7
"B3  3AG",1,1,0,1
"B3  3RB",1,1,0,1
"B3  3RJ",18,9,9,12
"B30 1AA",75,38,37,52
"B30 1AB",85,43,42,32
"B30 1AD",97,49,48,42
"B30 1AE",90,41,49,35
"B30 1AF",110,62,48,70
"B30 1AG",99,50,49,32
"B30 1AH",105,49,56,46
"B30 1AJ",112,54,58,49
"B30 1AL",3,2,1,2
"B30 1AN",12,7,5,10
"B30 1AP",64,27,37,26
"B30 1AR",79,34,45,34
"B30 1AS",30,16,14,18
"B30 1AU",36,21,15,14
"B30 1AX",4,2,2,1
"B30 1AY",23,11,12,7
"B30 1AZ",105,49,56,46
"B30 1BA",40,22,18,19
"B30 1BB",67,32,35,26
"B30 1BD",40,21,19,10
"B30 1BE",26,14,12,16
"B30 1BG",22,10,12,6
"B30 1BH",96,47,49,32
"B30 1BJ",55,22,33,24
"B30 1BL",35,10,25,14
"B30 1BN",83,39,44,28
"B30 1BQ",115,63,52,33
"B30 1BW",54,23,31,24
"B30 1BX",11,7,4,4
"B30 1BY",114,72,42,69
"B30 1DA",90,44,46,35
"B30 1DB",87,36,51,34
"B30 1DD",77,43,34,27
"B30 1DE",48,23,25,22
"B30 1DG",73,35,38,28
"B30 1DH",54,29,25,40
"B30 1DL",47,27,20,28
"B30 1DN",74,23,51,18
"B30 1DP",54,25,29,18
"B30 1DR",82,39,43,29
"B30 1DS",18,6,12,13
"B30 1DU",46,12,34,38
"B30 1DW",90,37,53,52
"B30 1DX",107,52,55,49
"B30 1DZ",18,8,10,6
"B30 1EA",123,54,69,61
"B30 1EB",51,27,24,19
"B30 1ED",73,36,37,28
"B30 1EE",64,35,29,25
"B30 1EG",42,20,22,17
"B30 1EH",89,42,47,33
"B30 1EJ",49,21,28,19
"B30 1EL",41,21,20,18
"B30 1EN",11,5,6,6
"B30 1EP",80,37,43,33
"B30 1EQ",59,32,27,18
"B30 1ER",61,21,40,49
"B30 1ES",10,3,7,7
"B30 1ET",141,61,80,57
"B30 1EU",85,31,54,37
"B30 1EW",12,7,5,6
"B30 1EY",51,23,28,20
"B30 1EZ",85,40,45,31
"B30 1HA",82,36,46,32
"B30 1HB",17,7,10,8
"B30 1HD",18,10,8,9
"B30 1HE",42,19,23,20
"B30 1HF",35,16,19,15
"B30 1HG",50,23,27,22
"B30 1HH",71,20,51,52
"B30 1HJ",37,14,23,21
"B30 1HL",76,39,37,34
"B30 1HN",64,32,32,21
"B30 1HP",33,15,18,17
"B30 1HR",129,56,73,40
"B30 1HS",40,18,22,12
"B30 1HT",81,24,57,18
"B30 1HU",40,20,20,21
"B30 1JA",10,7,3,6
"B30 1JB",24,16,8,14
"B30 1JD",103,59,44,42
"B30 1JE",35,20,15,20
"B30 1JG",62,29,33,20
"B30 1JH",74,40,34,26
"B30 1JS",42,19,23,19
"B30 1JT",66,30,36,23
"B30 1JU",66,28,38,26
"B30 1LA",41,18,23,16
"B30 1LB",64,32,32,27
"B30 1LD",13,7,6,4
"B30 1LE",17,4,13,9
"B30 1LG",21,12,9,7
"B30 1LH",48,22,26,16
"B30 1LJ",71,36,35,28
"B30 1LL",64,33,31,27
"B30 1LN",28,13,15,11
"B30 1LP",23,13,10,12
"B30 1LR",65,28,37,36
"B30 1LS",88,41,47,39
"B30 1LT",11,6,5,6
"B30 1LU",19,9,10,8
"B30 1LX",11,3,8,10
"B30 1LY",22,10,12,9
"B30 1LZ",170,77,93,65
"B30 1NA",68,31,37,29
"B30 1NE",142,70,72,45
"B30 1NG",17,8,9,5
"B30 1NH",103,54,49,36
"B30 1NP",71,34,37,27
"B30 1NR",73,32,41,41
"B30 1NS",100,48,52,35
"B30 1NT",45,24,21,15
"B30 1NU",79,34,45,31
"B30 1NX",85,42,43,33
"B30 1NY",101,60,41,29
"B30 1PA",89,39,50,34
"B30 1PB",55,27,28,19
"B30 1PD",69,33,36,27
"B30 1PJ",95,41,54,33
"B30 1PL",79,41,38,27
"B30 1PN",65,32,33,27
"B30 1PS",57,26,31,23
"B30 1PT",18,7,11,11
"B30 1PU",46,25,21,24
"B30 1PX",25,13,12,12
"B30 1PY",58,27,31,22
"B30 1QA",19,9,10,8
"B30 1QB",22,6,16,9
"B30 1QD",21,8,13,12
"B30 1QE",36,18,18,13
"B30 1QG",12,5,7,7
"B30 1QL",52,26,26,21
"B30 1QN",22,11,11,9
"B30 1QP",23,3,20,23
"B30 1QQ",53,40,13,49
"B30 1QR",41,15,26,26
"B30 1QS",59,26,33,24
"B30 1QT",34,15,19,16
"B30 1QU",9,4,5,3
"B30 1QW",52,34,18,50
"B30 1RA",34,14,20,13
"B30 1RB",23,7,16,14
"B30 1RD",15,4,11,6
"B30 1RE",13,7,6,8
"B30 1RF",92,43,49,34
"B30 1RG",36,16,20,15
"B30 1RH",20,10,10,10
"B30 1RJ",24,15,9,12
"B30 1RQ",22,10,12,12
"B30 1RT",62,30,32,28
"B30 1RU",107,33,74,61
"B30 1RX",26,14,12,13
"B30 1RY",3,1,2,2
"B30 1SA",64,31,33,23
"B30 1SB",48,24,24,21
"B30 1SD",44,21,23,19
"B30 1SE",69,36,33,28
"B30 1SG",7,2,5,5
"B30 1SH",54,27,27,33
"B30 1SL",26,14,12,13
"B30 1SN",43,21,22,15
"B30 1SP",27,13,14,12
"B30 1SR",37,18,19,15
"B30 1SS",24,10,14,14
"B30 1ST",82,32,50,50
"B30 1SU",90,45,45,37
"B30 1SX",84,43,41,35
"B30 1SY",50,28,22,24
"B30 1TA",52,27,25,24
"B30 1TB",180,82,98,73
"B30 1TG",91,41,50,47
"B30 1TH",47,21,26,38
"B30 1TJ",71,23,48,29
"B30 1TL",5,2,3,2
"B30 1TN",12,7,5,8
"B30 1TP",22,12,10,12
"B30 1TQ",33,12,21,14
"B30 1TR",72,27,45,38
"B30 1TS",5,2,3,3
"B30 1TT",15,8,7,8
"B30 1TU",23,8,15,20
"B30 1TX",44,21,23,8
"B30 1TY",29,10,19,24
"B30 1UA",8,3,5,5
"B30 1UD",52,15,37,27
"B30 1UE",27,12,15,14
"B30 1UG",50,23,27,22
"B30 1UH",31,14,17,13
"B30 1UJ",25,12,13,10
"B30 1UN",66,30,36,32
"B30 1UP",25,11,14,11
"B30 1UR",32,12,20,13
"B30 1US",34,5,29,27
"B30 1UT",35,15,20,21
"B30 1UU",25,10,15,17
"B30 1UX",15,6,9,9
"B30 1UY",8,3,5,5
"B30 1UZ",92,44,48,45
"B30 1XA",43,21,22,19
"B30 1XB",44,23,21,18
"B30 1XD",24,13,11,10
"B30 2AA",50,20,30,23
"B30 2AD",47,23,24,16
"B30 2AE",56,25,31,25
"B30 2AG",36,14,22,15
"B30 2AL",47,24,23,17
"B30 2AN",9,1,8,9
"B30 2AP",8,3,5,3
"B30 2AR",18,9,9,8
"B30 2AS",44,19,25,16
"B30 2AT",81,33,48,41
"B30 2AU",24,11,13,12
"B30 2AX",113,54,59,43
"B30 2AY",107,53,54,51
"B30 2BA",72,35,37,34
"B30 2BB",26,14,12,11
"B30 2BF",42,24,18,20
"B30 2BJ",36,16,20,14
"B30 2BL",29,15,14,14
"B30 2BN",54,30,24,26
"B30 2BS",78,35,43,33
"B30 2BT",37,14,23,19
"B30 2BU",17,8,9,10
"B30 2DA",70,29,41,26
"B30 2DB",62,28,34,32
"B30 2DD",56,29,27,28
"B30 2DE",31,15,16,16
"B30 2DH",75,34,41,50
"B30 2DJ",33,3,30,32
"B30 2DL",74,31,43,30
"B30 2DN",115,53,62,42
"B30 2DP",99,54,45,35
"B30 2DX",83,42,41,29
"B30 2DY",82,39,43,33
"B30 2EA",84,43,41,28
"B30 2EB",77,40,37,25
"B30 2EH",59,34,25,19
"B30 2EJ",38,18,20,14
"B30 2EL",28,17,11,10
"B30 2EN",93,38,55,40
"B30 2EP",70,33,37,31
"B30 2ER",56,30,26,30
"B30 2ES",66,26,40,29
"B30 2ET",60,30,30,28
"B30 2EU",71,35,36,33
"B30 2EX",68,35,33,31
"B30 2EY",116,51,65,54
"B30 2HA",65,27,38,30
"B30 2HB",65,27,38,26
"B30 2HD",6,4,2,2
"B30 2HE",100,51,49,34
"B30 2HF",91,45,46,35
"B30 2HG",34,13,21,12
"B30 2HH",24,15,9,7
"B30 2HJ",89,43,46,29
"B30 2HL",54,24,30,27
"B30 2HN",177,97,80,73
"B30 2HT",123,40,83,13
"B30 2HU",154,73,81,63
"B30 2HW",61,30,31,30
"B30 2HX",39,16,23,18
"B30 2HY",64,37,27,26
"B30 2HZ",47,20,27,22
"B30 2JA",138,69,69,61
"B30 2JB",33,13,20,15
"B30 2JH",36,24,12,14
"B30 2JJ",14,8,6,7
"B30 2JL",74,33,41,43
"B30 2JR",9,6,3,5
"B30 2JS",11,7,4,5
"B30 2JT",9,6,3,3
"B30 2JX",76,33,43,24
"B30 2JY",30,20,10,14
"B30 2LA",84,42,42,40
"B30 2LB",76,36,40,36
"B30 2LE",48,24,24,18
"B30 2LG",127,65,62,54
"B30 2LH",125,62,63,59
"B30 2LJ",17,11,6,8
"B30 2LL",39,23,16,11
"B30 2LN",31,15,16,9
"B30 2LP",52,25,27,23
"B30 2LS",97,56,41,36
"B30 2LT",14,8,6,6
"B30 2LX",114,58,56,56
"B30 2LY",66,36,30,41
"B30 2LZ",34,20,14,27
"B30 2NA",2,1,1,1
"B30 2NH",48,26,22,25
"B30 2NN",3,1,2,1
"B30 2NT",25,14,11,16
"B30 2NU",82,36,46,44
"B30 2NW",15,11,4,12
"B30 2NY",66,29,37,33
"B30 2NZ",31,13,18,16
"B30 2PA",20,9,11,10
"B30 2PB",39,18,21,21
"B30 2PD",66,27,39,32
"B30 2PE",2,1,1,1
"B30 2PG",42,17,25,18
"B30 2PH",47,27,20,29
"B30 2PL",47,26,21,27
"B30 2PN",12,5,7,5
"B30 2PP",2,0,2,1
"B30 2PR",2,2,0,2
"B30 2PW",10,5,5,4
"B30 2QD",83,39,44,32
"B30 2QE",101,48,53,41
"B30 2QG",33,18,15,12
"B30 2QH",75,33,42,31
"B30 2QJ",13,7,6,5
"B30 2QL",68,36,32,29
"B30 2QN",73,35,38,25
"B30 2QP",52,24,28,23
"B30 2QQ",48,23,25,17
"B30 2QR",40,21,19,16
"B30 2RA",41,21,20,17
"B30 2RB",68,37,31,29
"B30 2RD",5,3,2,4
"B30 2RE",48,26,22,20
"B30 2RG",45,20,25,18
"B30 2RH",104,49,55,48
"B30 2RJ",111,61,50,42
"B30 2RL",64,36,28,24
"B30 2RN",22,10,12,9
"B30 2RP",33,12,21,12
"B30 2RR",37,16,21,19
"B30 2RT",5,3,2,3
"B30 2RU",85,41,44,30
"B30 2RX",49,23,26,21
"B30 2RY",6,2,4,2
"B30 2SA",108,53,55,50
"B30 2SB",88,41,47,36
"B30 2SD",98,34,64,23
"B30 2SE",68,34,34,25
"B30 2SG",84,44,40,30
"B30 2SH",92,27,65,34
"B30 2SJ",101,61,40,74
"B30 2SL",28,12,16,11
"B30 2SU",105,55,50,39
"B30 2SX",36,16,20,20
"B30 2SY",94,49,45,29
"B30 2TA",55,19,36,23
"B30 2TB",49,20,29,20
"B30 2TD",126,60,66,59
"B30 2TE",80,35,45,34
"B30 2TG",134,55,79,49
"B30 2TH",42,17,25,16
"B30 2TJ",48,25,23,17
"B30 2TL",79,40,39,32
"B30 2TN",40,20,20,17
"B30 2TP",125,57,68,51
"B30 2TR",67,31,36,31
"B30 2TS",88,42,46,35
"B30 2TT",37,18,19,16
"B30 2TU",44,18,26,14
"B30 2TX",66,32,34,25
"B30 2TY",87,45,42,35
"B30 2UG",96,46,50,40
"B30 2UH",38,14,24,15
"B30 2UJ",57,32,25,21
"B30 2UL",78,36,42,35
"B30 2UN",61,31,30,25
"B30 2UP",13,4,9,6
"B30 2UR",159,74,85,59
"B30 2US",11,5,6,6
"B30 2UT",69,30,39,26
"B30 2UU",40,18,22,20
"B30 2UX",79,38,41,25
"B30 2UY",60,25,35,28
"B30 2UZ",75,33,42,33
"B30 2XA",20,10,10,6
"B30 2XB",114,60,54,36
"B30 2XD",78,37,41,32
"B30 2XE",54,25,29,29
"B30 2XF",61,28,33,28
"B30 2XG",72,35,37,29
"B30 2XH",62,33,29,18
"B30 2XN",24,9,15,12
"B30 2XR",114,109,5,0
"B30 2XS",2,2,0,2
"B30 2XT",34,14,20,11
"B30 2XU",14,9,5,7
"B30 2XY",150,75,75,63
"B30 2YA",45,22,23,16
"B30 2YD",22,9,13,19
"B30 2YE",44,22,22,19
"B30 2YG",57,27,30,22
"B30 2YH",1,1,0,1
"B30 2YJ",40,24,16,15
"B30 2YN",1,1,0,1
"B30 2YP",28,14,14,13
"B30 2YQ",20,11,9,4
"B30 2YS",81,38,43,28
"B30 2YT",14,9,5,11
"B30 2YW",72,31,41,29
"B30 3AA",78,40,38,39
"B30 3AB",105,48,57,47
"B30 3AD",94,53,41,36
"B30 3AE",74,39,35,32
"B30 3AF",153,69,84,62
"B30 3AG",101,48,53,40
"B30 3AH",6,4,2,2
"B30 3AJ",15,7,8,8
"B30 3AL",23,12,11,14
"B30 3AR",4,2,2,4
"B30 3AS",68,27,41,56
"B30 3AU",17,9,8,12
"B30 3AX",107,47,60,46
"B30 3AY",54,23,31,27
"B30 3AZ",79,31,48,38
"B30 3BE",21,11,10,11
"B30 3BG",22,15,7,9
"B30 3BH",99,46,53,48
"B30 3BL",16,6,10,6
"B30 3BN",20,6,14,11
"B30 3BP",32,15,17,12
"B30 3BS",33,15,18,13
"B30 3BT",9,5,4,4
"B30 3BU",113,53,60,36
"B30 3BX",11,4,7,6
"B30 3BY",22,9,13,8
"B30 3BZ",142,78,64,44
"B30 3DA",54,25,29,21
"B30 3DB",64,27,37,26
"B30 3DD",93,44,49,40
"B30 3DJ",20,13,7,14
"B30 3DL",4,2,2,2
"B30 3DN",20,13,7,11
"B30 3DP",59,41,18,43
"B30 3DR",16,5,11,6
"B30 3DT",75,41,34,27
"B30 3DU",133,62,71,61
"B30 3DX",106,49,57,60
"B30 3DY",46,23,23,26
"B30 3EH",16,10,6,7
"B30 3EJ",32,16,16,19
"B30 3EL",29,14,15,16
"B30 3EN",35,22,13,18
"B30 3ER",12,2,10,4
"B30 3ET",55,24,31,18
"B30 3EU",25,11,14,6
"B30 3EX",5,1,4,3
"B30 3JE",1,1,0,1
"B30 3JH",12,5,7,4
"B30 3LB",96,48,48,61
"B30 3LD",136,70,66,63
"B30 3LE",41,13,28,18
"B30 3LG",69,26,43,28
"B30 3LH",8,3,5,4
"B30 3LL",2,0,2,1
"B30 3LN",110,41,69,37
"B30 3LP",48,22,26,28
"B30 3LR",29,14,15,16
"B30 3LS",17,7,10,9
"B30 3LW",24,13,11,10
"B30 3NA",44,23,21,17
"B30 3NB",15,7,8,7
"B30 3ND",47,28,19,14
"B30 3NE",158,76,82,55
"B30 3NF",30,13,17,11
"B30 3NG",62,32,30,44
"B30 3NH",17,8,9,8
"B30 3NJ",114,51,63,49
"B30 3NL",44,22,22,20
"B30 3NN",51,27,24,20
"B30 3NP",41,22,19,16
"B30 3NQ",113,57,56,54
"B30 3NR",65,35,30,26
"B30 3NS",23,10,13,10
"B30 3NT",93,47,46,38
"B30 3NW",32,17,15,8
"B30 3NX",113,59,54,30
"B30 3NY",128,71,57,51
"B30 3NZ",157,81,76,68
"B30 3PA",11,4,7,3
"B30 3PB",103,46,57,41
"B30 3PD",82,37,45,34
"B30 3PE",92,49,43,41
"B30 3PF",84,39,45,29
"B30 3PG",73,35,38,34
"B30 3PH",83,38,45,36
"B30 3PJ",27,15,12,10
"B30 3PL",38,18,20,16
"B30 3PN",52,23,29,21
"B30 3PP",30,14,16,13
"B30 3PQ",47,21,26,15
"B30 3PR",4,1,3,2
"B30 3PS",135,66,69,58
"B30 3PW",32,14,18,12
"B30 3PX",30,15,15,6
"B30 3PY",25,11,14,11
"B30 3PZ",104,58,46,44
"B30 3QA",13,9,4,9
"B30 3QD",60,31,29,33
"B30 3QE",53,29,24,25
"B30 3QF",32,24,8,1
"B30 3QG",118,59,59,47
"B30 3QH",28,16,12,14
"B30 3QJ",112,40,72,78
"B30 3QL",33,12,21,22
"B30 3QN",68,31,37,18
"B30 3QP",35,19,16,12
"B30 3QQ",153,61,92,77
"B30 3QR",37,18,19,29
"B30 3QS",60,29,31,27
"B30 3QT",11,2,9,7
"B30 3QU",45,18,27,19
"B30 3QW",34,13,21,16
"B30 3QX",15,13,2,3
"B30 3QY",43,19,24,21
"B30 3QZ",49,30,19,25
"B30 3RA",103,53,50,41
"B30 3RB",107,53,54,45
"B30 3RD",11,4,7,5
"B30 3RE",80,40,40,32
"B30 3RG",73,36,37,32
"B30 3RH",59,31,28,23
"B30 3RJ",30,17,13,12
"B30 3RL",92,45,47,32
"B30 3RN",23,11,12,9
"B30 3RP",52,25,27,20
"B30 3RR",112,58,54,44
"B30 3RS",91,45,46,36
"B30 3RT",63,35,28,23
"B30 3RU",88,42,46,31
"B30 3RX",7,4,3,4
"B30 3RY",73,38,35,30
"B30 3RZ",62,34,28,27
"B30 3SA",58,28,30,22
"B30 3SB",81,38,43,36
"B30 3SD",15,5,10,7
"B31 1AB",88,43,45,35
"B31 1AD",37,19,18,17
"B31 1AE",28,12,16,14
"B31 1AF",87,42,45,34
"B31 1AG",54,28,26,18
"B31 1AH",76,43,33,26
"B31 1AJ",59,29,30,21
"B31 1AL",43,23,20,18
"B31 1AN",71,37,34,31
"B31 1AP",41,23,18,26
"B31 1AR",76,35,41,35
"B31 1AS",36,22,14,25
"B31 1AT",13,5,8,7
"B31 1AU",34,12,22,20
"B31 1AX",35,22,13,12
"B31 1BA",57,30,27,30
"B31 1BB",20,13,7,6
"B31 1BD",3,2,1,1
"B31 1BE",33,14,19,15
"B31 1BG",25,15,10,10
"B31 1BH",55,27,28,30
"B31 1BJ",25,14,11,12
"B31 1BL",80,32,48,29
"B31 1BN",43,19,24,20
"B31 1BP",21,8,13,9
"B31 1BQ",40,19,21,14
"B31 1BS",41,26,15,20
"B31 1BT",133,67,66,51
"B31 1BU",36,18,18,12
"B31 1BX",7,4,3,6
"B31 1BY",20,10,10,7
"B31 1DA",95,35,60,36
"B31 1DB",63,31,32,24
"B31 1DD",40,23,17,25
"B31 1DE",39,18,21,14
"B31 1DF",24,9,15,10
"B31 1DG",31,12,19,18
"B31 1DH",75,36,39,32
"B31 1DJ",51,22,29,26
"B31 1DL",51,22,29,22
"B31 1DN",45,17,28,37
"B31 1DP",32,13,19,13
"B31 1DQ",19,9,10,14
"B31 1DR",122,57,65,46
"B31 1DS",57,26,31,29
"B31 1DT",51,28,23,22
"B31 1DW",21,11,10,10
"B31 1DX",151,71,80,57
"B31 1DY",108,57,51,37
"B31 1DZ",12,4,8,5
"B31 1EF",6,3,3,5
"B31 1EJ",60,34,26,22
"B31 1EL",37,19,18,18
"B31 1EP",23,13,10,10
"B31 1EQ",26,11,15,13
"B31 1ER",13,6,7,7
"B31 1ES",44,19,25,15
"B31 1ET",23,14,9,12
"B31 1EU",34,14,20,14
"B31 1EW",96,36,60,41
"B31 1EX",110,49,61,35
"B31 1EY",70,29,41,25
"B31 1EZ",11,6,5,7
"B31 1FD",140,64,76,50
"B31 1FE",35,21,14,12
"B31 1FF",38,14,24,16
"B31 1FG",20,9,11,10
"B31 1FH",75,34,41,25
"B31 1FQ",45,22,23,13
"B31 1HB",52,27,25,20
"B31 1HD",22,12,10,11
"B31 1HF",45,19,26,19
"B31 1HG",12,6,6,3
"B31 1HH",76,41,35,26
"B31 1HJ",119,53,66,47
"B31 1HL",37,16,21,16
"B31 1HN",35,20,15,15
"B31 1HP",43,22,21,20
"B31 1HY",28,11,17,11
"B31 1HZ",9,7,2,8
"B31 1JD",14,8,6,6
"B31 1JE",11,5,6,5
"B31 1JF",8,4,4,4
"B31 1JG",32,15,17,13
"B31 1JJ",2,1,1,2
"B31 1JN",23,10,13,10
"B31 1JP",34,16,18,13
"B31 1JQ",36,15,21,19
"B31 1JR",40,21,19,22
"B31 1JS",9,6,3,9
"B31 1JT",73,31,42,26
"B31 1JU",15,4,11,8
"B31 1JX",12,6,6,6
"B31 1JY",45,22,23,15
"B31 1LA",4,3,1,2
"B31 1LB",80,44,36,32
"B31 1LD",2,1,1,1
"B31 1LG",42,20,22,18
"B31 1LH",75,39,36,31
"B31 1LJ",64,35,29,26
"B31 1LL",110,51,59,45
"B31 1LP",19,7,12,14
"B31 1LQ",46,17,29,27
"B31 1LR",4,2,2,3
"B31 1LS",34,15,19,16
"B31 1LU",39,23,16,14
"B31 1LX",107,51,56,48
"B31 1LY",27,18,9,21
"B31 1NB",45,22,23,16
"B31 1ND",84,36,48,38
"B31 1NE",94,52,42,37
"B31 1NG",83,40,43,34
"B31 1NH",70,38,32,26
"B31 1NJ",44,22,22,19
"B31 1NL",82,40,42,37
"B31 1NN",59,23,36,26
"B31 1NP",50,21,29,27
"B31 1NR",11,6,5,5
"B31 1NS",6,1,5,3
"B31 1NT",38,18,20,18
"B31 1NU",63,31,32,31
"B31 1NX",90,44,46,42
"B31 1NY",33,18,15,14
"B31 1PA",18,8,10,8
"B31 1PB",9,3,6,4
"B31 1PD",91,45,46,29
"B31 1PE",70,37,33,25
"B31 1PF",16,4,12,4
"B31 1PG",30,15,15,15
"B31 1PJ",91,43,48,37
"B31 1PL",10,5,5,9
"B31 1PN",6,2,4,2
"B31 1PP",55,24,31,28
"B31 1PQ",84,40,44,30
"B31 1PR",55,29,26,23
"B31 1PT",2,1,1,1
"B31 1PW",22,10,12,9
"B31 1PZ",36,17,19,15
"B31 1QA",39,21,18,16
"B31 1QB",102,50,52,39
"B31 1QD",124,58,66,42
"B31 1QE",82,43,39,31
"B31 1QH",119,56,63,45
"B31 1QJ",60,24,36,25
"B31 1QL",123,62,61,49
"B31 1QP",33,15,18,14
"B31 1QQ",32,13,19,12
"B31 1QR",40,20,20,18
"B31 1QS",158,73,85,61
"B31 1QT",76,40,36,31
"B31 1QZ",53,21,32,23
"B31 1RA",103,48,55,35
"B31 1RB",34,16,18,12
"B31 1RD",33,12,21,12
"B31 1RE",27,10,17,8
"B31 1RF",163,78,85,59
"B31 1RG",46,20,26,17
"B31 1RH",47,24,23,20
"B31 1RJ",25,13,12,9
"B31 1RL",86,44,42,29
"B31 1RN",87,43,44,35
"B31 1RP",99,38,61,34
"B31 1RR",74,37,37,26
"B31 1RS",152,76,76,60
"B31 1RT",86,37,49,35
"B31 1RU",31,12,19,16
"B31 1RX",71,22,49,23
"B31 1RZ",4,3,1,1
"B31 1SA",133,60,73,55
"B31 1SB",55,31,24,21
"B31 1SD",1,0,1,1
"B31 1SE",92,44,48,43
"B31 1SG",42,25,17,17
"B31 1SH",60,23,37,21
"B31 1SJ",43,21,22,17
"B31 1SL",14,6,8,5
"B31 1SN",68,31,37,28
"B31 1SP",86,36,50,37
"B31 1SR",9,3,6,5
"B31 1SS",45,21,24,15
"B31 1ST",4,1,3,3
"B31 1SU",34,18,16,15
"B31 1TA",53,26,27,22
"B31 1TB",70,36,34,31
"B31 1TD",118,52,66,41
"B31 1TE",37,14,23,13
"B31 1TF",93,41,52,38
"B31 1TG",105,56,49,40
"B31 1TH",35,15,20,16
"B31 1TP",32,15,17,12
"B31 1TR",35,17,18,18
"B31 1TW",42,19,23,12
"B31 1TX",82,35,47,38
"B31 1TY",148,62,86,49
"B31 1UA",52,24,28,19
"B31 1UB",115,49,66,42
"B31 1UH",100,45,55,50
"B31 1UJ",73,42,31,31
"B31 1UQ",90,40,50,31
"B31 1UR",12,6,6,7
"B31 1UU",15,7,8,7
"B31 1XA",77,30,47,36
"B31 1XB",35,16,19,16
"B31 1XH",133,49,84,75
"B31 1XL",14,6,8,7
"B31 1XN",117,58,59,60
"B31 2AA",4,2,2,2
"B31 2AD",1,1,0,1
"B31 2AG",3,2,1,1
"B31 2AR",5,0,5,0
"B31 2AS",29,9,20,21
"B31 2AT",119,50,69,89
"B31 2AU",66,31,35,25
"B31 2AX",66,36,30,25
"B31 2AY",9,5,4,5
"B31 2BA",27,12,15,8
"B31 2BB",37,18,19,16
"B31 2BD",6,3,3,4
"B31 2BE",35,19,16,13
"B31 2BG",23,10,13,11
"B31 2BH",37,20,17,16
"B31 2BJ",30,14,16,11
"B31 2BL",49,23,26,21
"B31 2BN",17,8,9,7
"B31 2BP",33,15,18,17
"B31 2BS",11,6,5,5
"B31 2BT",73,36,37,49
"B31 2BU",30,10,20,22
"B31 2BX",28,12,16,9
"B31 2BY",3,2,1,1
"B31 2BZ",47,23,24,17
"B31 2DA",53,29,24,18
"B31 2DB",29,13,16,13
"B31 2DD",18,8,10,9
"B31 2DE",32,15,17,21
"B31 2DF",60,28,32,27
"B31 2DG",4,3,1,2
"B31 2DJ",36,18,18,18
"B31 2DL",39,35,4,2
"B31 2DN",42,22,20,14
"B31 2DP",10,6,4,4
"B31 2DR",32,19,13,13
"B31 2DS",87,46,41,45
"B31 2DT",70,31,39,36
"B31 2DU",36,18,18,15
"B31 2DW",81,36,45,24
"B31 2DX",68,38,30,22
"B31 2DY",55,27,28,17
"B31 2EA",33,17,16,10
"B31 2EB",33,14,19,10
"B31 2ED",55,27,28,21
"B31 2EE",126,60,66,48
"B31 2EF",82,41,41,26
"B31 2EG",50,23,27,18
"B31 2EH",60,32,28,24
"B31 2EJ",20,9,11,7
"B31 2EP",41,15,26,13
"B31 2EQ",32,15,17,16
"B31 2ER",68,33,35,29
"B31 2ES",42,20,22,16
"B31 2ET",26,14,12,9
"B31 2EU",17,6,11,11
"B31 2EW",64,35,29,24
"B31 2EX",41,22,19,14
"B31 2EY",89,42,47,35
"B31 2EZ",50,26,24,19
"B31 2FD",42,16,26,28
"B31 2FG",70,26,44,29
"B31 2FH",56,29,27,15
"B31 2FJ",100,52,48,50
"B31 2FL",115,57,58,37
"B31 2FN",65,38,27,22
"B31 2FP",147,81,66,79
"B31 2FQ",87,52,35,46
"B31 2GA",7,3,4,4
"B31 2GB",16,8,8,9
"B31 2HA",23,12,11,9
"B31 2HB",122,69,53,67
"B31 2HD",133,60,73,70
"B31 2HE",109,54,55,61
"B31 2HF",74,34,40,24
"B31 2HG",41,20,21,14
"B31 2HH",119,61,58,34
"B31 2HJ",77,30,47,28
"B31 2HL",115,54,61,42
"B31 2HN",75,26,49,24
"B31 2HP",20,10,10,10
"B31 2HS",63,35,28,20
"B31 2HT",42,18,24,18
"B31 2HU",52,22,30,20
"B31 2HW",65,30,35,21
"B31 2HX",16,7,9,12
"B31 2HY",47,23,24,17
"B31 2HZ",57,28,29,18
"B31 2JA",93,56,37,51
"B31 2JB",39,21,18,21
"B31 2JE",24,12,12,10
"B31 2JG",110,59,51,46
"B31 2JH",62,27,35,30
"B31 2JJ",3,1,2,2
"B31 2JL",65,33,32,30
"B31 2JR",13,6,7,6
"B31 2JS",50,28,22,16
"B31 2JT",5,3,2,4
"B31 2JU",1,1,0,1
"B31 2JW",64,21,43,59
"B31 2JX",38,21,17,35
"B31 2JY",11,8,3,6
"B31 2JZ",6,3,3,2
"B31 2LB",36,14,22,17
"B31 2LD",4,1,3,1
"B31 2LE",46,22,24,21
"B31 2LG",61,29,32,24
"B31 2LH",61,33,28,31
"B31 2LJ",114,55,59,49
"B31 2LL",92,43,49,40
"B31 2LN",97,46,51,34
"B31 2LP",83,48,35,33
"B31 2LR",45,22,23,19
"B31 2LS",129,63,66,53
"B31 2LT",67,33,34,26
"B31 2LU",40,22,18,27
"B31 2LX",17,10,7,12
"B31 2LY",51,26,25,21
"B31 2NA",25,16,9,18
"B31 2NB",20,8,12,7
"B31 2ND",26,10,16,6
"B31 2NG",19,8,11,8
"B31 2NN",20,10,10,11
"B31 2NQ",42,8,34,36
"B31 2NR",24,13,11,9
"B31 2PA",17,8,9,8
"B31 2PB",41,19,22,21
"B31 2PE",42,20,22,18
"B31 2PF",47,26,21,19
"B31 2PG",87,45,42,32
"B31 2PH",38,21,17,19
"B31 2PJ",95,31,64,21
"B31 2PL",146,65,81,43
"B31 2PN",42,15,27,14
"B31 2PP",69,30,39,24
"B31 2PQ",109,47,62,41
"B31 2PR",82,37,45,34
"B31 2PS",83,46,37,33
"B31 2PT",60,28,32,24
"B31 2PW",40,22,18,22
"B31 2PX",75,38,37,35
"B31 2PY",40,19,21,15
"B31 2PZ",70,36,34,26
"B31 2QA",35,17,18,14
"B31 2QB",153,74,79,67
"B31 2QD",67,35,32,25
"B31 2QE",31,17,14,13
"B31 2QG",83,44,39,32
"B31 2QH",63,35,28,25
"B31 2QJ",8,3,5,3
"B31 2QP",49,33,16,22
"B31 2QQ",87,45,42,36
"B31 2QT",77,42,35,37
"B31 2QU",5,2,3,2
"B31 2QW",33,15,18,17
"B31 2QX",34,14,20,16
"B31 2QY",67,31,36,26
"B31 2QZ",86,52,34,33
"B31 2RA",81,38,43,34
"B31 2RB",7,3,4,4
"B31 2RD",102,52,50,43
"B31 2RE",5,2,3,3
"B31 2RG",92,46,46,48
"B31 2RH",29,17,12,13
"B31 2RJ",107,55,52,39
"B31 2RL",84,40,44,36
"B31 2RN",41,23,18,21
"B31 2RP",44,20,24,23
"B31 2RQ",71,38,33,29
"B31 2RR",71,37,34,33
"B31 2RS",36,14,22,17
"B31 2RT",61,33,28,19
"B31 2RW",1,1,0,1
"B31 2SA",10,4,6,4
"B31 2SB",111,60,51,51
"B31 2SD",163,80,83,64
"B31 2SE",46,17,29,21
"B31 2SF",61,29,32,26
"B31 2SG",76,37,39,28
"B31 2SH",71,37,34,36
"B31 2SL",36,20,16,19
"B31 2SN",57,29,28,18
"B31 2SP",15,10,5,7
"B31 2SQ",73,33,40,29
"B31 2SR",19,10,9,8
"B31 2SS",5,2,3,3
"B31 2ST",20,8,12,7
"B31 2SU",14,4,10,7
"B31 2SW",71,37,34,39
"B31 2SY",83,40,43,36
"B31 2SZ",124,57,67,54
"B31 2TD",85,34,51,40
"B31 2TF",101,46,55,47
"B31 2TH",78,35,43,37
"B31 2TJ",48,30,18,29
"B31 2TT",5,1,4,4
"B31 2TU",4,1,3,3
"B31 2TW",1,1,0,1
"B31 2TX",157,72,85,62
"B31 2TY",45,22,23,20
"B31 2TZ",45,21,24,19
"B31 2UA",42,21,21,20
"B31 2UB",13,6,7,6
"B31 2UD",110,53,57,46
"B31 2UE",42,22,20,18
"B31 2UF",91,34,57,46
"B31 2UG",46,23,23,17
"B31 2UH",7,4,3,3
"B31 2UJ",18,9,9,6
"B31 2UL",27,13,14,7
"B31 2UN",43,25,18,19
"B31 2UP",31,16,15,11
"B31 2UR",26,13,13,9
"B31 2XG",62,28,34,36
"B31 2XL",44,21,23,17
"B31 2XN",66,28,38,27
"B31 2XP",70,35,35,27
"B31 2XQ",108,54,54,47
"B31 2XR",62,25,37,20
"B31 2XS",87,40,47,42
"B31 2XT",29,10,19,13
"B31 2XU",81,38,43,47
"B31 2XW",22,11,11,11
"B31 2YP",33,17,16,17
"B31 2YR",28,12,16,12
"B31 2YS",72,34,38,36
"B31 2YT",29,12,17,13
"B31 2YU",37,18,19,21
"B31 3AA",80,42,38,27
"B31 3AB",61,38,23,27
"B31 3AD",30,14,16,12
"B31 3AE",66,35,31,28
"B31 3AG",78,37,41,32
"B31 3AH",75,35,40,27
"B31 3AJ",73,38,35,35
"B31 3AL",31,16,15,13
"B31 3AN",15,6,9,9
"B31 3AP",49,26,23,18
"B31 3AU",49,23,26,19
"B31 3AX",81,43,38,20
"B31 3AZ",11,5,6,6
"B31 3BA",36,14,22,17
"B31 3BD",35,15,20,14
"B31 3BF",39,18,21,17
"B31 3BG",51,21,30,18
"B31 3BJ",23,13,10,9
"B31 3BL",35,16,19,20
"B31 3BP",54,23,31,18
"B31 3BQ",15,8,7,4
"B31 3BS",82,39,43,18
"B31 3BT",40,19,21,12
"B31 3BU",11,4,7,5
"B31 3BX",72,34,38,22
"B31 3BY",27,13,14,18
"B31 3BZ",55,35,20,30
"B31 3DA",17,8,9,6
"B31 3DB",14,8,6,7
"B31 3DD",3,1,2,3
"B31 3DE",95,45,50,43
"B31 3DF",52,26,26,19
"B31 3DG",61,32,29,31
"B31 3DH",27,14,13,10
"B31 3DL",57,33,24,22
"B31 3DN",145,64,81,44
"B31 3DP",150,83,67,40
"B31 3DR",92,39,53,37
"B31 3DU",37,17,20,21
"B31 3DY",11,7,4,10
"B31 3DZ",135,60,75,47
"B31 3EE",15,7,8,9
"B31 3EH",118,53,65,44
"B31 3EL",15,5,10,6
"B31 3ER",121,48,73,48
"B31 3ET",17,4,13,6
"B31 3EZ",8,3,5,3
"B31 3HA",52,28,24,24
"B31 3HB",66,37,29,39
"B31 3HD",90,43,47,35
"B31 3HF",12,6,6,7
"B31 3HG",44,24,20,22
"B31 3HH",10,5,5,7
"B31 3HJ",81,39,42,55
"B31 3HL",26,11,15,11
"B31 3HN",54,26,28,20
"B31 3HP",47,25,22,20
"B31 3HQ",34,18,16,15
"B31 3HR",41,20,21,25
"B31 3HS",56,25,31,22
"B31 3HT",39,19,20,20
"B31 3HU",68,34,34,33
"B31 3HX",35,14,21,13
"B31 3HY",28,13,15,18
"B31 3JA",13,6,7,7
"B31 3JB",14,5,9,6
"B31 3JD",17,5,12,7
"B31 3JE",13,4,9,4
"B31 3JG",108,57,51,48
"B31 3JH",35,13,22,17
"B31 3JR",9,4,5,4
"B31 3JS",45,20,25,19
"B31 3JT",51,23,28,23
"B31 3JU",38,20,18,17
"B31 3JW",33,14,19,14
"B31 3JX",85,39,46,34
"B31 3JZ",9,3,6,4
"B31 3LA",37,21,16,19
"B31 3LB",128,59,69,44
"B31 3LD",45,19,26,19
"B31 3LE",66,29,37,25
"B31 3LG",31,15,16,13
"B31 3LH",36,20,16,18
"B31 3LJ",27,14,13,15
"B31 3LL",11,5,6,5
"B31 3LN",45,23,22,20
"B31 3LP",36,21,15,23
"B31 3LQ",77,35,42,51
"B31 3LR",45,28,17,26
"B31 3LS",59,27,32,24
"B31 3LT",75,36,39,29
"B31 3LU",41,20,21,14
"B31 3LW",28,19,9,20
"B31 3LX",13,5,8,9
"B31 3LY",6,3,3,3
"B31 3NA",20,12,8,12
"B31 3ND",54,24,30,24
"B31 3NE",30,14,16,10
"B31 3NG",83,47,36,33
"B31 3NH",38,18,20,17
"B31 3NJ",82,41,41,32
"B31 3NL",124,70,54,46
"B31 3NN",80,42,38,29
"B31 3NP",82,38,44,34
"B31 3NR",37,19,18,17
"B31 3NS",25,17,8,14
"B31 3NT",24,12,12,10
"B31 3NU",81,42,39,29
"B31 3NW",127,59,68,48
"B31 3NX",64,34,30,25
"B31 3NY",100,54,46,41
"B31 3NZ",93,47,46,36
"B31 3PA",7,1,6,4
"B31 3PB",30,13,17,14
"B31 3PE",89,41,48,29
"B31 3PF",100,51,49,34
"B31 3PL",162,76,86,66
"B31 3PN",142,75,67,55
"B31 3PS",87,40,47,31
"B31 3PT",72,34,38,31
"B31 3PU",1,1,0,1
"B31 3PW",85,48,37,36
"B31 3PX",56,23,33,20
"B31 3PY",49,26,23,20
"B31 3PZ",53,23,30,21
"B31 3QA",65,32,33,26
"B31 3QB",19,8,11,12
"B31 3QD",20,10,10,10
"B31 3QE",24,14,10,12
"B31 3QF",20,10,10,10
"B31 3QG",87,44,43,37
"B31 3QH",13,8,5,5
"B31 3QP",91,39,52,41
"B31 3QR",24,13,11,10
"B31 3QS",43,21,22,15
"B31 3QT",80,33,47,42
"B31 3QU",12,3,9,6
"B31 3QW",70,29,41,24
"B31 3QX",73,37,36,46
"B31 3QY",69,36,33,42
"B31 3RA",34,18,16,15
"B31 3RB",70,36,34,40
"B31 3RD",19,10,9,8
"B31 3RE",41,24,17,20
"B31 3RF",64,21,43,34
"B31 3RG",19,6,13,9
"B31 3RH",63,28,35,25
"B31 3RJ",90,42,48,41
"B31 3RL",104,54,50,38
"B31 3RP",8,4,4,3
"B31 3RR",18,8,10,9
"B31 3RS",7,4,3,4
"B31 3RT",39,17,22,16
"B31 3RU",73,35,38,36
"B31 3RX",105,51,54,48
"B31 3RY",36,21,15,27
"B31 3SA",65,29,36,31
"B31 3SB",81,35,46,33
"B31 3SD",43,26,17,36
"B31 3SE",41,21,20,35
"B31 3SF",47,34,13,37
"B31 3SG",10,4,6,8
"B31 3SH",33,12,21,17
"B31 3SJ",17,8,9,8
"B31 3SL",44,22,22,22
"B31 3SN",76,34,42,33
"B31 3SQ",10,5,5,6
"B31 3SS",48,20,28,23
"B31 3ST",36,18,18,20
"B31 3SU",23,14,9,20
"B31 3SW",63,28,35,20
"B31 3SX",62,31,31,23
"B31 3SY",22,15,7,18
"B31 3SZ",23,17,6,19
"B31 3TE",119,60,59,55
"B31 3TH",140,72,68,51
"B31 3TJ",54,21,33,21
"B31 3TL",52,22,30,17
"B31 3TN",8,5,3,4
"B31 3TP",70,38,32,32
"B31 3TQ",11,5,6,4
"B31 3TR",122,54,68,48
"B31 3TS",75,39,36,29
"B31 3TT",115,50,65,41
"B31 3TU",31,16,15,17
"B31 3TW",58,29,29,27
"B31 3TX",11,5,6,5
"B31 3UB",8,6,2,5
"B31 3UD",50,27,23,21
"B31 3UE",28,14,14,11
"B31 3UG",47,22,25,14
"B31 3UH",52,23,29,20
"B31 3UJ",27,14,13,12
"B31 3UL",103,50,53,36
"B31 3UN",86,42,44,33
"B31 3UP",81,31,50,51
"B31 3UW",42,20,22,17
"B31 3XA",26,13,13,15
"B31 3XB",66,28,38,37
"B31 3XD",52,26,26,32
"B31 3XE",53,30,23,37
"B31 3XF",55,26,29,39
"B31 3XG",33,17,16,13
"B31 3XH",60,31,29,28
"B31 3XJ",41,17,24,20
"B31 3XL",94,50,44,37
"B31 3XN",47,26,21,21
"B31 3XP",51,28,23,22
"B31 3XQ",31,18,13,16
"B31 3XR",98,51,47,43
"B31 3XS",12,6,6,5
"B31 3XT",132,70,62,50
"B31 3XU",57,26,31,26
"B31 3XW",85,49,36,38
"B31 3XX",42,14,28,22
"B31 4AA",60,29,31,32
"B31 4AB",24,8,16,7
"B31 4AD",56,27,29,25
"B31 4AF",118,55,63,38
"B31 4AG",5,3,2,3
"B31 4AH",79,43,36,31
"B31 4AJ",89,44,45,34
"B31 4AL",12,6,6,3
"B31 4AP",13,5,8,7
"B31 4AQ",14,5,9,7
"B31 4AR",35,17,18,20
"B31 4AS",37,16,21,17
"B31 4AT",11,3,8,8
"B31 4AU",97,48,49,48
"B31 4AW",89,45,44,36
"B31 4AX",48,26,22,29
"B31 4AY",26,15,11,7
"B31 4AZ",13,4,9,3
"B31 4BA",122,63,59,60
"B31 4BB",68,23,45,28
"B31 4BD",41,20,21,18
"B31 4BE",73,41,32,35
"B31 4BG",90,40,50,34
"B31 4BH",12,7,5,5
"B31 4BJ",18,7,11,7
"B31 4BL",9,4,5,6
"B31 4BN",88,43,45,28
"B31 4BP",20,9,11,8
"B31 4BQ",80,41,39,35
"B31 4BS",34,14,20,15
"B31 4BT",43,23,20,17
"B31 4BW",55,28,27,27
"B31 4BY",3,1,2,3
"B31 4BZ",31,15,16,13
"B31 4DA",16,10,6,6
"B31 4DB",38,21,17,22
"B31 4DD",38,15,23,31
"B31 4DE",13,5,8,12
"B31 4DG",12,4,8,5
"B31 4DL",27,14,13,16
"B31 4DN",41,25,16,21
"B31 4DP",35,18,17,16
"B31 4DR",41,18,23,20
"B31 4DS",25,11,14,13
"B31 4DT",43,14,29,16
"B31 4DU",23,11,12,13
"B31 4DX",54,32,22,21
"B31 4EA",100,58,42,38
"B31 4EB",17,7,10,7
"B31 4ED",46,21,25,22
"B31 4EE",26,13,13,8
"B31 4EG",78,35,43,41
"B31 4EH",67,35,32,42
"B31 4EJ",64,28,36,24
"B31 4EL",36,20,16,18
"B31 4EN",72,35,37,46
"B31 4EP",32,16,16,19
"B31 4ER",68,28,40,31
"B31 4ES",12,4,8,9
"B31 4ET",70,36,34,41
"B31 4EU",13,7,6,7
"B31 4EX",56,28,28,27
"B31 4EY",76,36,40,37
"B31 4EZ",33,10,23,19
"B31 4HA",23,12,11,7
"B31 4HB",107,50,57,36
"B31 4HD",72,32,40,25
"B31 4HE",95,49,46,38
"B31 4HG",52,26,26,24
"B31 4HL",3,2,1,3
"B31 4HN",22,8,14,10
"B31 4HQ",31,11,20,15
"B31 4HR",2,1,1,1
"B31 4HS",4,2,2,2
"B31 4HT",31,8,23,18
"B31 4HU",33,18,15,17
"B31 4HW",20,11,9,11
"B31 4HX",29,16,13,10
"B31 4HY",23,13,10,10
"B31 4JA",24,14,10,12
"B31 4JB",24,12,12,13
"B31 4JD",13,6,7,6
"B31 4JE",21,8,13,11
"B31 4JG",38,18,20,17
"B31 4JH",19,10,9,11
"B31 4JJ",15,5,10,10
"B31 4JL",81,36,45,32
"B31 4JN",54,28,26,25
"B31 4JP",9,5,4,4
"B31 4JQ",17,10,7,5
"B31 4JR",8,4,4,5
"B31 4JS",55,42,13,43
"B31 4JT",47,21,26,22
"B31 4JU",25,13,12,14
"B31 4JW",74,37,37,32
"B31 4JX",32,15,17,13
"B31 4JY",94,49,45,55
"B31 4JZ",53,30,23,30
"B31 4LA",9,5,4,4
"B31 4LB",69,26,43,24
"B31 4LF",7,2,5,2
"B31 4LH",16,9,7,8
"B31 4LJ",14,9,5,8
"B31 4LL",19,9,10,10
"B31 4LN",104,53,51,39
"B31 4LP",76,32,44,35
"B31 4LQ",1,0,1,1
"B31 4LS",86,41,45,32
"B31 4LT",45,20,25,13
"B31 4LU",92,42,50,36
"B31 4LY",85,41,44,33
"B31 4LZ",96,46,50,37
"B31 4NA",64,33,31,26
"B31 4NB",33,16,17,14
"B31 4ND",41,20,21,19
"B31 4NE",45,16,29,21
"B31 4NF",112,52,60,52
"B31 4NG",11,7,4,5
"B31 4NH",52,24,28,15
"B31 4NJ",36,17,19,19
"B31 4NL",21,9,12,10
"B31 4NN",65,25,40,26
"B31 4NP",108,45,63,46
"B31 4NR",30,14,16,15
"B31 4NS",87,44,43,34
"B31 4NT",46,15,31,17
"B31 4NU",58,30,28,38
"B31 4NW",46,22,24,18
"B31 4NX",7,1,6,4
"B31 4NY",29,11,18,11
"B31 4NZ",8,3,5,5
"B31 4PA",108,55,53,46
"B31 4PB",129,58,71,56
"B31 4PD",20,12,8,10
"B31 4PH",58,29,29,24
"B31 4PJ",80,39,41,30
"B31 4PL",60,35,25,27
"B31 4PN",79,43,36,38
"B31 4PP",51,23,28,19
"B31 4PQ",89,44,45,37
"B31 4PR",48,27,21,15
"B31 4PS",81,37,44,39
"B31 4PW",21,13,8,7
"B31 4PZ",23,12,11,9
"B31 4QA",96,51,45,34
"B31 4QB",72,37,35,29
"B31 4QD",98,52,46,43
"B31 4QE",70,32,38,28
"B31 4QF",56,24,32,28
"B31 4QG",47,22,25,23
"B31 4QH",46,25,21,20
"B31 4QN",65,36,29,25
"B31 4QP",2,0,2,2
"B31 4QQ",55,29,26,28
"B31 4QR",92,47,45,42
"B31 4QS",83,41,42,30
"B31 4QT",65,31,34,28
"B31 4QU",79,44,35,37
"B31 4QW",35,19,16,13
"B31 4QX",32,15,17,10
"B31 4QY",21,9,12,10
"B31 4QZ",13,7,6,9
"B31 4RA",21,12,9,12
"B31 4RB",79,36,43,27
"B31 4RE",62,31,31,22
"B31 4RF",51,26,25,20
"B31 4RG",21,9,12,10
"B31 4RH",19,12,7,6
"B31 4RJ",25,12,13,12
"B31 4RL",57,24,33,25
"B31 4RN",57,23,34,29
"B31 4RP",86,42,44,36
"B31 4RR",68,36,32,30
"B31 4RS",37,21,16,18
"B31 4RT",86,39,47,40
"B31 4RU",67,34,33,31
"B31 4RW",58,30,28,23
"B31 4RX",37,15,22,17
"B31 4RY",34,20,14,14
"B31 4SA",10,3,7,7
"B31 4SB",23,11,12,9
"B31 4SD",9,5,4,6
"B31 4SG",38,19,19,21
"B31 4SH",3,2,1,2
"B31 4SJ",15,5,10,8
"B31 4SL",119,60,59,42
"B31 4SN",61,30,31,23
"B31 4SP",113,38,75,38
"B31 4SQ",130,63,67,57
"B31 4SR",43,22,21,17
"B31 4SS",49,24,25,21
"B31 4ST",40,18,22,18
"B31 4SU",79,43,36,28
"B31 4SX",97,48,49,39
"B31 4SY",30,12,18,14
"B31 4TA",33,20,13,12
"B31 4TB",33,16,17,12
"B31 4TD",60,28,32,28
"B31 4TE",27,15,12,10
"B31 4TG",124,57,67,51
"B31 4TH",61,27,34,25
"B31 4TJ",33,16,17,16
"B31 4TL",52,26,26,21
"B31 4TN",38,13,25,13
"B31 4TQ",70,34,36,25
"B31 4TS",79,36,43,33
"B31 4TT",28,13,15,14
"B31 4TX",10,3,7,5
"B31 4TY",7,4,3,3
"B31 4TZ",30,17,13,15
"B31 4UB",11,4,7,5
"B31 4UD",2,1,1,1
"B31 4UE",6,4,2,3
"B31 4UH",6,3,3,2
"B31 5AB",61,30,31,21
"B31 5AD",105,50,55,41
"B31 5AE",21,9,12,11
"B31 5AF",36,20,16,16
"B31 5AN",87,43,44,37
"B31 5AP",80,42,38,27
"B31 5AR",75,31,44,29
"B31 5AS",53,23,30,22
"B31 5AT",90,46,44,33
"B31 5AU",95,55,40,35
"B31 5AW",3,1,2,1
"B31 5AX",134,69,65,54
"B31 5AY",8,3,5,4
"B31 5BA",120,67,53,46
"B31 5BB",61,34,27,21
"B31 5BD",136,64,72,47
"B31 5BE",51,21,30,23
"B31 5BG",58,25,33,25
"B31 5BH",80,47,33,30
"B31 5BN",126,68,58,50
"B31 5BP",31,14,17,14
"B31 5BQ",67,35,32,27
"B31 5BS",92,44,48,34
"B31 5BT",42,22,20,17
"B31 5BU",84,42,42,31
"B31 5BX",119,59,60,48
"B31 5BY",30,16,14,11
"B31 5BZ",26,15,11,9
"B31 5DA",17,8,9,9
"B31 5DE",37,19,18,15
"B31 5DF",177,84,93,68
"B31 5DG",46,23,23,17
"B31 5DH",124,56,68,48
"B31 5DJ",75,38,37,30
"B31 5DL",110,60,50,42
"B31 5DN",47,25,22,18
"B31 5DP",44,17,27,16
"B31 5DR",66,34,32,25
"B31 5DS",52,24,28,18
"B31 5DT",51,26,25,19
"B31 5DU",87,37,50,39
"B31 5DW",20,11,9,9
"B31 5DX",66,37,29,33
"B31 5DY",41,22,19,25
"B31 5DZ",19,10,9,12
"B31 5EA",38,18,20,14
"B31 5EB",69,30,39,29
"B31 5ED",50,24,26,22
"B31 5EE",53,29,24,19
"B31 5EF",105,48,57,39
"B31 5EG",48,19,29,17
"B31 5EH",112,55,57,45
"B31 5EJ",27,12,15,0
"B31 5EL",64,31,33,20
"B31 5EN",97,47,50,40
"B31 5EP",30,17,13,10
"B31 5EQ",21,10,11,10
"B31 5ER",69,32,37,16
"B31 5ES",66,28,38,34
"B31 5ET",11,6,5,6
"B31 5EW",70,34,36,26
"B31 5EZ",15,7,8,7
"B31 5HA",29,11,18,12
"B31 5HB",38,18,20,12
"B31 5HD",27,9,18,16
"B31 5HE",130,68,62,34
"B31 5HF",77,36,41,26
"B31 5HG",29,15,14,13
"B31 5HH",84,40,44,32
"B31 5HJ",100,49,51,34
"B31 5HL",92,51,41,31
"B31 5HN",89,43,46,40
"B31 5HP",65,33,32,28
"B31 5HQ",119,51,68,42
"B31 5HR",50,22,28,22
"B31 5HS",61,30,31,17
"B31 5HT",44,18,26,16
"B31 5HW",76,37,39,28
"B31 5HX",65,33,32,21
"B31 5HY",133,62,71,46
"B31 5JB",11,4,7,3
"B31 5JE",7,3,4,3
"B31 5JF",32,12,20,12
"B31 5JL",4,2,2,2
"B31 5JP",28,12,16,9
"B31 5JQ",59,26,33,21
"B31 5JR",94,47,47,23
"B31 5JW",58,24,34,24
"B31 5LF",9,6,3,3
"B31 5LN",86,34,52,29
"B31 5LP",21,11,10,9
"B31 5LR",95,35,60,62
"B31 5LW",67,33,34,37
"B31 5LX",39,12,27,30
"B31 5LY",61,30,31,27
"B31 5LZ",66,33,33,31
"B31 5NA",21,13,8,9
"B31 5NH",125,63,62,48
"B31 5NJ",29,11,18,7
"B31 5NL",23,12,11,9
"B31 5NN",32,13,19,12
"B31 5NP",6,2,4,3
"B31 5NR",6,3,3,3
"B31 5NS",6,3,3,3
"B31 5NT",18,8,10,7
"B31 5NU",52,27,25,16
"B31 5NX",39,18,21,19
"B31 5NY",72,38,34,24
"B31 5PA",98,53,45,42
"B31 5PB",77,37,40,27
"B31 5PD",48,28,20,17
"B31 5PE",73,31,42,31
"B31 5PF",29,12,17,9
"B31 5PG",65,33,32,16
"B31 5PH",95,42,53,36
"B31 5PJ",90,51,39,30
"B31 5PS",31,12,19,11
"B31 5PT",85,43,42,34
"B31 5PU",4,2,2,1
"B31 5PX",5,2,3,2
"B31 5PY",1,1,0,1
"B31 5PZ",6,4,2,1
"B31 5QA",194,86,108,70
"B31 5QB",116,60,56,47
"B31 5QD",35,18,17,14
"B31 5QE",57,25,32,23
"B31 5QG",62,29,33,20
"B31 5QH",59,30,29,21
"B31 5QJ",43,22,21,14
"B31 5QL",167,82,85,61
"B31 5QN",37,15,22,16
"B31 5QP",121,58,63,46
"B31 5QR",151,78,73,65
"B31 5QZ",125,57,68,42
"B31 5RA",163,80,83,58
"B31 5RB",53,26,27,18
"B31 5RD",127,59,68,50
"B31 5RE",91,46,45,37
"B31 5RG",138,64,74,53
"B31 5RH",57,29,28,23
"B31 5RJ",66,35,31,19
"B31 5RS",12,7,5,8
"B31 5SA",4,2,2,1
"B31 5SB",7,4,3,3
"B31 5SD",28,10,18,8
"B31 5SE",52,29,23,17
"B31 5SF",22,10,12,8
"B31 5SG",139,66,73,55
"B31 5SJ",93,46,47,32
"B31 5SL",59,27,32,24
"B31 5SN",47,25,22,19
"B31 5SP",34,18,16,14
"B31 5SR",7,4,3,3
"B31 5SW",32,20,12,15
"B32 1AB",23,9,14,14
"B32 1AD",5,2,3,4
"B32 1AE",6,4,2,3
"B32 1AG",78,30,48,36
"B32 1AH",53,23,30,26
"B32 1AJ",6,2,4,4
"B32 1AN",36,21,15,16
"B32 1AP",9,5,4,5
"B32 1AR",38,20,18,20
"B32 1AS",36,16,20,15
"B32 1AT",36,18,18,17
"B32 1AX",3,2,1,1
"B32 1AY",56,23,33,23
"B32 1BA",13,7,6,6
"B32 1BB",101,55,46,43
"B32 1BD",47,23,24,23
"B32 1BE",42,21,21,21
"B32 1BG",61,33,28,23
"B32 1BH",41,18,23,17
"B32 1BJ",6,4,2,4
"B32 1BL",32,17,15,16
"B32 1BN",97,48,49,39
"B32 1BP",38,22,16,15
"B32 1BQ",20,9,11,10
"B32 1BS",8,3,5,4
"B32 1BY",46,18,28,21
"B32 1DA",85,46,39,30
"B32 1DB",28,14,14,13
"B32 1DD",22,11,11,11
"B32 1DE",25,12,13,9
"B32 1DG",47,24,23,19
"B32 1DH",49,27,22,20
"B32 1DJ",12,7,5,9
"B32 1DN",8,4,4,2
"B32 1DP",63,27,36,23
"B32 1DR",61,28,33,27
"B32 1DS",67,29,38,26
"B32 1DT",39,18,21,15
"B32 1DU",65,37,28,22
"B32 1DX",33,19,14,14
"B32 1DY",46,22,24,16
"B32 1DZ",60,32,28,24
"B32 1EG",83,39,44,33
"B32 1EH",39,17,22,16
"B32 1EJ",36,16,20,16
"B32 1EL",69,35,34,24
"B32 1EN",28,10,18,15
"B32 1EP",40,19,21,19
"B32 1ER",54,27,27,18
"B32 1ES",36,18,18,16
"B32 1EU",42,21,21,21
"B32 1EX",69,40,29,30
"B32 1EY",86,39,47,35
"B32 1EZ",103,50,53,42
"B32 1HA",26,15,11,11
"B32 1HB",50,21,29,24
"B32 1HD",52,27,25,25
"B32 1HE",113,54,59,44
"B32 1HF",73,37,36,29
"B32 1HN",58,29,29,22
"B32 1HP",44,21,23,19
"B32 1HY",58,30,28,25
"B32 1JA",98,44,54,59
"B32 1JB",61,31,30,24
"B32 1JD",31,16,15,10
"B32 1JE",77,40,37,27
"B32 1JF",65,33,32,25
"B32 1JG",50,23,27,23
"B32 1JH",6,3,3,3
"B32 1JL",21,11,10,11
"B32 1JP",22,10,12,7
"B32 1JQ",38,19,19,14
"B32 1JR",73,34,39,27
"B32 1JS",47,21,26,19
"B32 1JT",17,9,8,8
"B32 1JU",20,10,10,11
"B32 1JX",82,42,40,33
"B32 1JY",13,6,7,7
"B32 1LA",30,17,13,14
"B32 1LB",92,45,47,36
"B32 1LD",79,43,36,30
"B32 1LH",107,48,59,49
"B32 1LJ",75,38,37,32
"B32 1LL",69,36,33,27
"B32 1LN",57,31,26,23
"B32 1LP",66,33,33,34
"B32 1LR",55,28,27,21
"B32 1LS",89,47,42,37
"B32 1LT",70,39,31,27
"B32 1LU",66,27,39,28
"B32 1LX",14,7,7,4
"B32 1LY",59,31,28,23
"B32 1NA",55,22,33,20
"B32 1NB",95,48,47,31
"B32 1ND",104,43,61,39
"B32 1NJ",107,52,55,37
"B32 1NL",62,29,33,25
"B32 1NN",53,27,26,20
"B32 1NP",105,46,59,39
"B32 1NR",58,24,34,26
"B32 1NS",60,31,29,24
"B32 1NT",48,17,31,18
"B32 1NU",70,37,33,28
"B32 1NX",59,28,31,22
"B32 1NY",57,23,34,23
"B32 1PA",70,33,37,28
"B32 1PB",79,43,36,28
"B32 1PD",21,7,14,8
"B32 1PE",105,43,62,39
"B32 1PF",47,17,30,19
"B32 1PG",56,23,33,21
"B32 1PH",43,22,21,15
"B32 1PL",58,34,24,19
"B32 1PT",25,11,14,10
"B32 1PU",5,2,3,1
"B32 1PX",10,4,6,5
"B32 1PY",70,33,37,29
"B32 1QA",4,1,3,1
"B32 1QB",22,9,13,9
"B32 1QD",49,26,23,16
"B32 1QE",48,21,27,14
"B32 1QG",98,49,49,49
"B32 1QH",37,17,20,16
"B32 1QJ",74,35,39,28
"B32 1QL",12,6,6,4
"B32 1QN",40,22,18,14
"B32 1QR",69,38,31,24
"B32 1QS",39,18,21,17
"B32 1QT",117,54,63,37
"B32 1QU",65,30,35,23
"B32 1QX",30,11,19,10
"B32 1QY",56,22,34,23
"B32 1QZ",31,12,19,18
"B32 1RA",69,32,37,24
"B32 1RB",90,45,45,38
"B32 1RD",69,26,43,36
"B32 1RE",73,38,35,31
"B32 1RF",35,21,14,15
"B32 1RG",31,16,15,15
"B32 1RJ",42,22,20,18
"B32 1RL",65,24,41,31
"B32 1RN",66,26,40,25
"B32 1RP",72,35,37,28
"B32 1RR",36,13,23,15
"B32 1RS",65,25,40,30
"B32 1RT",28,13,15,12
"B32 1RU",92,38,54,35
"B32 1RX",129,52,77,52
"B32 1RY",85,40,45,25
"B32 1RZ",98,50,48,37
"B32 1SA",37,18,19,18
"B32 1SB",59,34,25,27
"B32 1SD",75,31,44,37
"B32 1SE",88,37,51,30
"B32 1SF",99,50,49,44
"B32 1SH",69,38,31,29
"B32 1SJ",135,63,72,54
"B32 1SL",54,24,30,22
"B32 1SN",140,66,74,49
"B32 1SP",120,61,59,56
"B32 1SR",6,1,5,2
"B32 1SS",84,38,46,42
"B32 1ST",111,55,56,51
"B32 1SW",121,55,66,43
"B32 2AA",59,29,30,20
"B32 2AB",123,59,64,53
"B32 2AD",47,23,24,24
"B32 2AE",90,45,45,38
"B32 2AG",71,33,38,28
"B32 2AH",33,19,14,15
"B32 2AJ",85,44,41,33
"B32 2AL",9,2,7,5
"B32 2AN",3,0,3,1
"B32 2AX",39,17,22,23
"B32 2AY",60,30,30,24
"B32 2AZ",100,48,52,53
"B32 2BA",57,27,30,24
"B32 2BB",79,35,44,34
"B32 2BD",8,4,4,3
"B32 2BE",40,19,21,21
"B32 2BG",69,37,32,26
"B32 2BH",128,60,68,50
"B32 2BJ",4,2,2,1
"B32 2BL",66,10,56,1
"B32 2BN",26,12,14,11
"B32 2BP",43,20,23,16
"B32 2BS",87,34,53,40
"B32 2BT",91,41,50,42
"B32 2BU",108,47,61,42
"B32 2BX",68,35,33,39
"B32 2DA",108,52,56,41
"B32 2DB",4,1,3,3
"B32 2DE",104,45,59,42
"B32 2DG",48,22,26,17
"B32 2DH",62,27,35,25
"B32 2DJ",81,34,47,33
"B32 2DL",44,22,22,16
"B32 2DN",19,7,12,8
"B32 2DP",58,20,38,49
"B32 2DU",67,30,37,24
"B32 2DX",56,23,33,25
"B32 2DY",15,8,7,7
"B32 2DZ",72,31,41,38
"B32 2EA",29,17,12,22
"B32 2EB",70,35,35,29
"B32 2ED",19,9,10,7
"B32 2EE",8,4,4,5
"B32 2EG",31,18,13,11
"B32 2EH",19,12,7,5
"B32 2EJ",1,0,1,1
"B32 2EL",65,30,35,22
"B32 2EP",42,20,22,17
"B32 2ER",113,51,62,40
"B32 2ES",121,62,59,41
"B32 2ET",5,4,1,3
"B32 2EU",34,17,17,13
"B32 2EX",69,33,36,27
"B32 2EY",98,38,60,35
"B32 2HA",84,46,38,37
"B32 2HB",71,36,35,31
"B32 2HD",40,26,14,34
"B32 2HH",71,35,36,28
"B32 2HJ",76,39,37,35
"B32 2HL",53,22,31,17
"B32 2HN",52,28,24,22
"B32 2HP",74,34,40,26
"B32 2HR",47,21,26,19
"B32 2HT",103,45,58,40
"B32 2HU",33,17,16,14
"B32 2HY",33,17,16,18
"B32 2JA",63,33,30,43
"B32 2JB",38,20,18,12
"B32 2JD",59,27,32,24
"B32 2JE",19,9,10,9
"B32 2JG",28,14,14,13
"B32 2JH",73,47,26,38
"B32 2JJ",111,49,62,42
"B32 2JL",25,13,12,8
"B32 2JN",29,14,15,10
"B32 2JP",52,30,22,30
"B32 2JR",37,18,19,12
"B32 2JS",20,14,6,9
"B32 2JT",17,6,11,9
"B32 2JU",140,64,76,55
"B32 2JX",110,56,54,46
"B32 2JY",22,13,9,8
"B32 2JZ",83,41,42,49
"B32 2LA",18,10,8,7
"B32 2LB",92,43,49,40
"B32 2LE",13,7,6,5
"B32 2LH",82,33,49,45
"B32 2LN",100,48,52,40
"B32 2LP",90,42,48,36
"B32 2LR",38,18,20,15
"B32 2LS",46,17,29,14
"B32 2LT",87,47,40,23
"B32 2LU",3,1,2,2
"B32 2LW",85,41,44,29
"B32 2LX",21,10,11,6
"B32 2LY",99,40,59,29
"B32 2LZ",77,29,48,27
"B32 2NA",42,23,19,19
"B32 2NB",73,35,38,35
"B32 2ND",59,36,23,37
"B32 2NE",88,31,57,34
"B32 2NF",108,55,53,34
"B32 2NG",55,21,34,20
"B32 2NL",41,23,18,19
"B32 2NN",9,5,4,4
"B32 2NP",101,48,53,26
"B32 2NQ",18,11,7,7
"B32 2NR",39,14,25,14
"B32 2NS",57,25,32,19
"B32 2NT",209,100,109,66
"B32 2NU",48,20,28,25
"B32 2NW",59,33,26,33
"B32 2NZ",40,22,18,18
"B32 2PA",24,11,13,11
"B32 2PB",91,40,51,34
"B32 2PD",122,66,56,45
"B32 2PE",1,1,0,1
"B32 2PF",19,12,7,7
"B32 2PG",12,6,6,5
"B32 2PH",69,32,37,28
"B32 2PJ",38,22,16,18
"B32 2PL",79,30,49,31
"B32 2PN",109,50,59,37
"B32 2PP",111,56,55,43
"B32 2PR",7,3,4,5
"B32 2PS",60,36,24,38
"B32 2PT",28,12,16,12
"B32 2PU",73,34,39,35
"B32 2PX",99,38,61,43
"B32 2PY",73,31,42,38
"B32 2PZ",117,57,60,44
"B32 2QA",11,5,6,4
"B32 2QB",50,29,21,20
"B32 2QD",71,35,36,29
"B32 2QE",12,7,5,10
"B32 2QF",18,5,13,16
"B32 2QG",15,8,7,7
"B32 2QH",94,51,43,33
"B32 2QJ",94,42,52,43
"B32 2QN",132,65,67,54
"B32 2QP",102,54,48,43
"B32 2QR",110,52,58,46
"B32 2QS",140,65,75,53
"B32 2QT",46,24,22,17
"B32 2QU",82,30,52,34
"B32 2QW",80,36,44,30
"B32 2QX",68,30,38,35
"B32 2QY",78,35,43,30
"B32 2QZ",23,8,15,21
"B32 2RA",53,23,30,26
"B32 2RB",56,25,31,26
"B32 2RD",46,19,27,16
"B32 2RE",63,29,34,28
"B32 2RG",98,55,43,41
"B32 2RH",82,40,42,35
"B32 2RJ",102,46,56,40
"B32 2RL",101,39,62,40
"B32 2RQ",108,54,54,38
"B32 2RT",106,50,56,47
"B32 2RU",63,29,34,31
"B32 2RW",23,11,12,8
"B32 2RX",61,25,36,31
"B32 2SA",21,10,11,9
"B32 2SB",43,23,20,18
"B32 2SD",16,6,10,7
"B32 2SE",71,32,39,28
"B32 2SF",65,32,33,20
"B32 2SG",61,28,33,21
"B32 2SH",51,24,27,22
"B32 2SJ",72,33,39,36
"B32 2SL",74,35,39,30
"B32 2SN",38,18,20,17
"B32 2SQ",147,61,86,51
"B32 2SU",72,37,35,30
"B32 2SX",89,46,43,34
"B32 2SY",87,37,50,34
"B32 2SZ",97,47,50,41
"B32 2TA",65,35,30,28
"B32 2TB",48,22,26,21
"B32 2TD",84,40,44,38
"B32 2TJ",63,29,34,29
"B32 2TL",34,16,18,17
"B32 2TP",27,14,13,12
"B32 2TR",18,8,10,8
"B32 2TS",71,40,31,34
"B32 2TT",41,19,22,18
"B32 2TU",55,25,30,24
"B32 2TW",14,8,6,5
"B32 2TX",92,43,49,38
"B32 2TY",39,20,19,13
"B32 2UA",51,24,27,20
"B32 2UB",43,19,24,20
"B32 2UD",55,29,26,24
"B32 2UH",120,59,61,48
"B32 2UJ",74,36,38,30
"B32 2UL",40,17,23,17
"B32 2UP",31,15,16,19
"B32 2UR",67,34,33,27
"B32 2US",20,9,11,9
"B32 2UU",28,14,14,13
"B32 2UX",90,44,46,38
"B32 2UY",22,12,10,7
"B32 2UZ",68,32,36,31
"B32 2XD",65,38,27,29
"B32 2XE",77,36,41,31
"B32 2XF",29,12,17,12
"B32 2XL",36,14,22,17
"B32 3AA",23,11,12,11
"B32 3AB",7,4,3,5
"B32 3AD",77,36,41,24
"B32 3AG",7,4,3,4
"B32 3AH",37,17,20,22
"B32 3AL",96,43,53,41
"B32 3AN",24,15,9,19
"B32 3AP",93,46,47,34
"B32 3AR",23,13,10,14
"B32 3AS",64,42,22,45
"B32 3AT",40,22,18,18
"B32 3AU",43,21,22,39
"B32 3AX",79,39,40,30
"B32 3AY",100,44,56,46
"B32 3BA",78,17,61,10
"B32 3BB",49,27,22,20
"B32 3BD",100,52,48,39
"B32 3BE",55,28,27,23
"B32 3BF",151,73,78,52
"B32 3BG",58,27,31,35
"B32 3BH",41,21,20,17
"B32 3BJ",82,34,48,49
"B32 3BS",5,3,2,2
"B32 3DG",80,39,41,32
"B32 3DH",58,33,25,22
"B32 3DJ",110,50,60,49
"B32 3DL",27,13,14,8
"B32 3DN",6,3,3,3
"B32 3DP",47,21,26,21
"B32 3DR",53,28,25,18
"B32 3DT",19,6,13,11
"B32 3DU",30,12,18,19
"B32 3DX",8,4,4,4
"B32 3DY",34,15,19,17
"B32 3DZ",51,23,28,34
"B32 3EA",6,4,2,3
"B32 3EH",125,62,63,47
"B32 3EJ",99,45,54,40
"B32 3EL",30,16,14,11
"B32 3EN",35,18,17,13
"B32 3EP",34,19,15,12
"B32 3ER",38,20,18,17
"B32 3ES",24,14,10,14
"B32 3ET",55,29,26,26
"B32 3EU",65,36,29,39
"B32 3EW",21,11,10,8
"B32 3EX",53,25,28,24
"B32 3EY",52,24,28,24
"B32 3HE",38,14,24,16
"B32 3HF",50,21,29,20
"B32 3HG",41,16,25,16
"B32 3HH",24,11,13,11
"B32 3HJ",50,26,24,26
"B32 3HN",16,8,8,8
"B32 3HR",106,52,54,40
"B32 3HS",72,32,40,31
"B32 3HT",26,11,15,12
"B32 3HU",46,23,23,19
"B32 3HX",117,56,61,40
"B32 3HY",77,45,32,27
"B32 3HZ",16,8,8,7
"B32 3JA",39,21,18,17
"B32 3JH",100,34,66,45
"B32 3JJ",24,12,12,9
"B32 3JL",19,14,5,9
"B32 3JN",10,4,6,1
"B32 3JP",48,31,17,36
"B32 3JR",82,36,46,32
"B32 3JS",17,5,12,5
"B32 3JT",67,30,37,25
"B32 3JU",76,41,35,40
"B32 3JY",105,51,54,40
"B32 3LA",80,39,41,30
"B32 3LB",54,28,26,22
"B32 3LD",21,9,12,10
"B32 3LE",42,16,26,16
"B32 3LH",8,5,3,6
"B32 3LJ",51,29,22,15
"B32 3LN",68,33,35,32
"B32 3LP",17,7,10,11
"B32 3LQ",30,11,19,10
"B32 3LR",20,9,11,12
"B32 3LS",22,13,9,7
"B32 3LT",63,27,36,27
"B32 3LU",43,22,21,20
"B32 3LX",39,12,27,18
"B32 3LY",5,2,3,4
"B32 3NB",9,2,7,4
"B32 3NG",21,9,12,11
"B32 3NH",41,20,21,17
"B32 3NJ",41,19,22,20
"B32 3NL",73,44,29,32
"B32 3NP",26,9,17,14
"B32 3NQ",42,20,22,14
"B32 3NR",47,23,24,21
"B32 3NS",3,2,1,2
"B32 3NT",182,62,120,0
"B32 3NX",57,24,33,21
"B32 3NY",30,17,13,12
"B32 3NZ",24,12,12,10
"B32 3PA",57,27,30,26
"B32 3PB",43,22,21,19
"B32 3PD",77,39,38,37
"B32 3PE",81,39,42,35
"B32 3PF",58,22,36,26
"B32 3PG",76,39,37,34
"B32 3PH",37,18,19,19
"B32 3PJ",52,21,31,20
"B32 3PL",40,17,23,16
"B32 3PN",25,11,14,15
"B32 3PP",6,1,5,5
"B32 3PQ",82,40,42,32
"B32 3PR",97,47,50,45
"B32 3PS",84,41,43,38
"B32 3PT",48,28,20,24
"B32 3PU",35,16,19,22
"B32 3PW",74,40,34,34
"B32 3PX",38,20,18,19
"B32 3PY",79,37,42,35
"B32 3PZ",16,9,7,10
"B32 3QA",9,2,7,4
"B32 3QB",11,5,6,5
"B32 3QD",15,7,8,8
"B32 3QE",107,50,57,46
"B32 3QF",71,37,34,37
"B32 3QG",18,9,9,10
"B32 3QH",7,2,5,1
"B32 3QJ",50,20,30,23
"B32 3QL",45,23,22,23
"B32 3QN",95,47,48,35
"B32 3QP",107,48,59,40
"B32 3QR",87,45,42,59
"B32 3QS",81,44,37,35
"B32 3QT",10,7,3,4
"B32 3QU",31,15,16,14
"B32 3QW",30,18,12,12
"B32 3QX",6,4,2,2
"B32 3QY",43,19,24,23
"B32 3QZ",11,6,5,5
"B32 3RA",53,25,28,19
"B32 3RB",153,79,74,53
"B32 3RD",31,20,11,10
"B32 3RE",45,23,22,16
"B32 3RF",30,16,14,9
"B32 3RH",18,8,10,11
"B32 3RJ",39,20,19,16
"B32 3RL",31,20,11,11
"B32 3RN",93,49,44,38
"B32 3RP",49,25,24,21
"B32 3RQ",20,11,9,8
"B32 3RR",49,18,31,23
"B32 3RS",77,25,52,28
"B32 3RT",84,34,50,31
"B32 3RU",62,28,34,18
"B32 3RW",109,51,58,36
"B32 3RX",130,69,61,63
"B32 3RY",100,50,50,41
"B32 3RZ",89,46,43,36
"B32 3SA",29,10,19,16
"B32 3SB",31,13,18,21
"B32 3SD",2,1,1,2
"B32 3SE",97,37,60,37
"B32 3SG",87,28,59,36
"B32 3SH",14,7,7,8
"B32 3SJ",68,28,40,30
"B32 3SL",118,59,59,43
"B32 3SN",73,33,40,34
"B32 3SP",14,7,7,6
"B32 3SQ",60,26,34,29
"B32 3SR",35,19,16,19
"B32 3SS",79,37,42,34
"B32 3ST",76,30,46,38
"B32 3SU",101,48,53,43
"B32 3SW",75,38,37,37
"B32 3SX",17,9,8,9
"B32 3SY",67,32,35,30
"B32 3SZ",111,49,62,48
"B32 3TA",83,37,46,34
"B32 3TB",32,15,17,13
"B32 3TD",23,12,11,11
"B32 3TE",59,24,35,28
"B32 3TF",55,32,23,28
"B32 3TG",119,56,63,50
"B32 3TH",122,60,62,52
"B32 3TJ",69,35,34,36
"B32 3TL",30,16,14,9
"B32 3TN",102,55,47,37
"B32 3TP",63,22,41,37
"B32 3TQ",147,61,86,70
"B32 3TR",110,43,67,54
"B32 3TS",18,6,12,12
"B32 3TT",26,11,15,20
"B32 3TW",117,51,66,47
"B32 3UA",136,75,61,47
"B32 3UB",64,28,36,23
"B32 3UD",128,58,70,56
"B32 3UE",51,21,30,15
"B32 3UF",75,37,38,28
"B32 3UG",11,4,7,4
"B32 3UH",53,24,29,24
"B32 3UJ",43,23,20,16
"B32 3UN",104,45,59,36
"B32 3UQ",24,12,12,10
"B32 3UW",143,67,76,66
"B32 3XA",13,4,9,6
"B32 3XB",23,8,15,10
"B32 3XD",17,8,9,11
"B32 3XE",46,23,23,19
"B32 3XF",42,21,21,15
"B32 3XG",56,22,34,22
"B32 3XH",31,13,18,16
"B32 3XJ",30,15,15,15
"B32 3XL",50,25,25,22
"B32 3XQ",17,7,10,8
"B32 4AA",17,8,9,8
"B32 4AD",49,27,22,26
"B32 4AE",74,33,41,23
"B32 4AF",6,3,3,3
"B32 4AG",33,14,19,16
"B32 4AH",39,26,13,34
"B32 4AJ",87,43,44,40
"B32 4AL",64,23,41,27
"B32 4AN",14,6,8,5
"B32 4AS",52,23,29,20
"B32 4AT",5,1,4,1
"B32 4AU",1,1,0,1
"B32 4AW",114,55,59,35
"B32 4AX",6,3,3,3
"B32 4BA",5,2,3,3
"B32 4BB",7,5,2,4
"B32 4BD",13,6,7,8
"B32 4BE",4,2,2,2
"B32 4BG",6,4,2,2
"B32 4BH",5,3,2,1
"B32 4BJ",2,1,1,1
"B32 4BL",1,0,1,1
"B32 4BN",2,1,1,1
"B32 4BP",62,32,30,23
"B32 4BS",76,34,42,26
"B32 4BU",10,4,6,4
"B32 4BX",15,4,11,7
"B32 4BY",11,7,4,3
"B32 4DA",114,58,56,47
"B32 4DB",66,31,35,41
"B32 4DD",66,31,35,25
"B32 4DE",38,17,21,18
"B32 4DG",36,15,21,16
"B32 4DH",61,25,36,24
"B32 4DJ",42,17,25,16
"B32 4DL",4,3,1,1
"B32 4DP",50,19,31,42
"B32 4DR",73,31,42,33
"B32 4DS",89,41,48,42
"B32 4DT",47,17,30,22
"B32 4DU",39,20,19,13
"B32 4DX",48,24,24,29
"B32 4DY",34,14,20,14
"B32 4DZ",113,57,56,51
"B32 4EA",39,19,20,14
"B32 4EB",55,25,30,30
"B32 4ED",41,26,15,14
"B32 4EE",62,24,38,44
"B32 4EG",38,16,22,24
"B32 4EH",39,18,21,26
"B32 4EJ",33,12,21,11
"B32 4EL",37,17,20,14
"B32 4EN",3,2,1,2
"B32 4EP",35,17,18,15
"B32 4ER",10,5,5,2
"B32 4ES",11,4,7,5
"B32 4ET",56,25,31,25
"B32 4EU",36,14,22,14
"B32 4EX",37,18,19,16
"B32 4HA",2,2,0,2
"B32 4HB",31,15,16,11
"B32 4HD",29,14,15,13
"B32 4HE",26,10,16,10
"B32 4HF",38,17,21,18
"B32 4HL",55,24,31,27
"B32 4HN",16,7,9,11
"B32 4HP",10,3,7,3
"B32 4HX",65,27,38,30
"B32 4HY",41,18,23,15
"B32 4JA",45,20,25,23
"B32 4JB",29,14,15,16
"B32 4JD",25,8,17,15
"B32 4JE",19,8,11,7
"B32 4JF",48,14,34,24
"B32 4JG",163,70,93,68
"B32 4JH",55,20,35,21
"B32 4JJ",36,19,17,14
"B32 4JL",45,17,28,22
"B32 4JN",34,16,18,18
"B32 4JP",49,25,24,22
"B32 4JQ",75,36,39,19
"B32 4JR",59,24,35,25
"B32 4JS",102,54,48,49
"B32 4JT",52,24,28,22
"B32 4JU",121,61,60,51
"B32 4JW",43,24,19,21
"B32 4JX",62,32,30,25
"B32 4JY",95,48,47,45
"B32 4JZ",88,39,49,38
"B32 4LA",15,9,6,7
"B32 4LB",22,12,10,8
"B32 4LD",91,53,38,35
"B32 4LE",51,23,28,20
"B32 4LF",82,38,44,35
"B32 4LG",59,31,28,24
"B32 4LH",35,15,20,15
"B32 4LJ",57,28,29,24
"B32 4LL",29,19,10,12
"B32 4LN",60,30,30,26
"B32 4LP",8,5,3,4
"B32 4LQ",32,11,21,15
"B32 4LR",75,37,38,30
"B32 4LS",102,44,58,35
"B32 4LT",35,15,20,12
"B32 4LU",124,62,62,46
"B32 4LW",74,32,42,28
"B32 4LX",39,23,16,13
"B32 4LY",69,38,31,28
"B32 4LZ",56,25,31,18
"B32 4NL",40,19,21,20
"B32 4NN",112,56,56,66
"B32 4NP",16,8,8,9
"B32 4NW",63,36,27,47
"B33 0AA",77,35,42,24
"B33 0AB",64,31,33,29
"B33 0AD",62,22,40,26
"B33 0AE",39,21,18,14
"B33 0AF",85,47,38,61
"B33 0AG",33,14,19,14
"B33 0AH",70,31,39,21
"B33 0AJ",72,31,41,24
"B33 0AN",31,13,18,14
"B33 0AP",19,10,9,13
"B33 0AQ",74,38,36,38
"B33 0AS",22,12,10,10
"B33 0AT",13,5,8,4
"B33 0AU",27,12,15,14
"B33 0AW",15,8,7,12
"B33 0AY",15,7,8,8
"B33 0AZ",63,20,43,23
"B33 0BA",38,12,26,14
"B33 0BB",64,22,42,25
"B33 0BD",21,10,11,10
"B33 0BE",35,13,22,16
"B33 0BG",35,16,19,14
"B33 0BH",22,12,10,9
"B33 0BJ",57,30,27,28
"B33 0BL",62,30,32,24
"B33 0BN",75,34,41,42
"B33 0BP",33,14,19,11
"B33 0BQ",18,9,9,13
"B33 0BS",2,1,1,1
"B33 0BU",15,4,11,10
"B33 0BW",13,3,10,11
"B33 0BX",18,10,8,7
"B33 0BY",40,22,18,29
"B33 0BZ",35,18,17,30
"B33 0DA",38,20,18,28
"B33 0DB",36,17,19,29
"B33 0DD",36,14,22,16
"B33 0DE",29,12,17,15
"B33 0DG",32,16,16,14
"B33 0DH",37,17,20,19
"B33 0DJ",14,6,8,10
"B33 0DL",113,50,63,40
"B33 0DN",79,34,45,27
"B33 0DP",41,23,18,15
"B33 0DR",17,10,7,5
"B33 0DS",55,25,30,20
"B33 0DT",37,25,12,30
"B33 0DU",3,2,1,1
"B33 0DX",101,45,56,35
"B33 0DY",1,0,1,1
"B33 0EA",49,28,21,18
"B33 0EB",89,47,42,35
"B33 0ED",48,30,18,24
"B33 0EE",57,27,30,18
"B33 0EF",47,26,21,14
"B33 0EG",46,21,25,19
"B33 0EH",91,44,47,30
"B33 0EL",10,6,4,5
"B33 0EN",113,52,61,45
"B33 0EP",24,10,14,15
"B33 0EQ",101,45,56,37
"B33 0ER",43,19,24,19
"B33 0ES",18,8,10,8
"B33 0ET",16,4,12,7
"B33 0EU",51,24,27,21
"B33 0EW",76,38,38,27
"B33 0EX",26,10,16,9
"B33 0EY",35,21,14,15
"B33 0HA",28,17,11,11
"B33 0HB",34,9,25,30
"B33 0HD",14,7,7,6
"B33 0HG",31,19,12,8
"B33 0HH",9,4,5,4
"B33 0HJ",54,27,27,24
"B33 0HL",64,28,36,35
"B33 0HN",5,3,2,4
"B33 0HP",13,7,6,8
"B33 0HS",68,36,32,36
"B33 0HT",53,25,28,22
"B33 0HU",117,57,60,56
"B33 0HW",58,26,32,27
"B33 0HX",42,20,22,20
"B33 0HY",108,47,61,45
"B33 0JA",69,35,34,35
"B33 0JD",1,0,1,1
"B33 0JE",30,17,13,13
"B33 0JF",43,19,24,20
"B33 0JG",56,21,35,29
"B33 0LH",56,27,29,23
"B33 0LJ",91,43,48,36
"B33 0LL",48,21,27,23
"B33 0LN",73,33,40,30
"B33 0LP",97,43,54,43
"B33 0LR",135,71,64,45
"B33 0LS",126,58,68,59
"B33 0LT",113,43,70,37
"B33 0LW",28,14,14,13
"B33 0LX",5,3,2,2
"B33 0LY",42,24,18,30
"B33 0LZ",41,20,21,30
"B33 0NA",58,30,28,25
"B33 0NB",46,22,24,15
"B33 0ND",42,27,15,24
"B33 0NE",51,24,27,21
"B33 0NG",48,23,25,30
"B33 0NH",54,29,25,24
"B33 0NJ",77,32,45,27
"B33 0NL",94,45,49,41
"B33 0NN",4,2,2,2
"B33 0NP",7,3,4,4
"B33 0NR",157,84,73,61
"B33 0NT",22,11,11,8
"B33 0NU",55,24,31,23
"B33 0NX",44,15,29,21
"B33 0NY",30,17,13,15
"B33 0NZ",26,13,13,15
"B33 0PB",55,36,19,26
"B33 0PD",58,31,27,30
"B33 0PE",33,17,16,17
"B33 0PG",24,12,12,12
"B33 0PH",72,31,41,27
"B33 0PL",96,45,51,42
"B33 0PN",9,4,5,4
"B33 0PP",19,13,6,10
"B33 0PQ",62,33,29,26
"B33 0PR",45,26,19,30
"B33 0PS",59,28,31,22
"B33 0PT",50,17,33,24
"B33 0PU",20,12,8,8
"B33 0PX",62,28,34,19
"B33 0PY",41,20,21,14
"B33 0PZ",29,15,14,16
"B33 0QA",43,19,24,16
"B33 0QB",78,35,43,31
"B33 0QD",64,30,34,35
"B33 0QE",44,21,23,23
"B33 0QG",47,21,26,26
"B33 0QH",55,24,31,28
"B33 0QJ",57,25,32,24
"B33 0QP",27,12,15,10
"B33 0QQ",26,11,15,9
"B33 0QR",23,11,12,15
"B33 0QS",93,46,47,30
"B33 0QT",60,29,31,36
"B33 0QU",25,11,14,14
"B33 0QX",21,9,12,12
"B33 0QY",72,33,39,34
"B33 0RA",30,14,16,7
"B33 0RB",61,27,34,21
"B33 0RG",34,14,20,13
"B33 0RH",141,74,67,63
"B33 0RJ",39,20,19,14
"B33 0RL",145,62,83,58
"B33 0RN",27,12,15,9
"B33 0RP",50,18,32,20
"B33 0RQ",55,24,31,21
"B33 0RR",34,18,16,27
"B33 0RS",107,50,57,32
"B33 0RT",71,36,35,25
"B33 0RU",79,36,43,30
"B33 0RX",99,58,41,50
"B33 0RY",71,29,42,25
"B33 0SA",44,22,22,19
"B33 0SE",35,15,20,19
"B33 0SF",40,19,21,15
"B33 0TR",99,48,51,36
"B33 0TS",23,12,11,10
"B33 0TT",6,1,5,6
"B33 0TU",30,10,20,14
"B33 0TX",20,8,12,10
"B33 0TY",47,27,20,20
"B33 0TZ",30,14,16,14
"B33 0UA",76,39,37,32
"B33 0UB",14,6,8,6
"B33 0UJ",13,5,8,4
"B33 0UL",6,3,3,5
"B33 0UN",99,49,50,30
"B33 0UP",71,36,35,21
"B33 0UR",67,32,35,26
"B33 0US",90,38,52,36
"B33 0UU",53,28,25,23
"B33 0UW",31,18,13,11
"B33 0UX",30,18,12,11
"B33 0UY",101,45,56,30
"B33 0XA",33,19,14,15
"B33 0XB",24,11,13,10
"B33 0XD",47,18,29,16
"B33 0XE",59,24,35,24
"B33 0XJ",108,53,55,44
"B33 0XL",74,41,33,31
"B33 0XP",38,18,20,23
"B33 0XR",58,29,29,26
"B33 0XS",45,23,22,16
"B33 0XT",42,20,22,19
"B33 0YL",79,41,38,46
"B33 0YN",90,46,44,42
"B33 0YP",157,92,65,90
"B33 0YR",52,25,27,22
"B33 0YS",109,48,61,52
"B33 0YW",24,13,11,10
"B33 8AA",31,15,16,12
"B33 8AB",73,26,47,28
"B33 8AD",197,99,98,66
"B33 8AE",160,82,78,78
"B33 8AG",119,65,54,39
"B33 8AH",113,59,54,32
"B33 8AJ",11,6,5,3
"B33 8AL",150,77,73,27
"B33 8AN",155,86,69,64
"B33 8AP",97,57,40,22
"B33 8AR",82,47,35,46
"B33 8AS",106,49,57,56
"B33 8AW",19,11,8,16
"B33 8BA",30,18,12,15
"B33 8BB",48,21,27,20
"B33 8BD",6,3,3,2
"B33 8BE",104,49,55,37
"B33 8BG",52,25,27,16
"B33 8BH",61,23,38,22
"B33 8BJ",88,46,42,28
"B33 8BN",121,66,55,62
"B33 8BP",32,15,17,11
"B33 8BQ",77,33,44,28
"B33 8BS",69,38,31,27
"B33 8BT",12,7,5,8
"B33 8BX",142,76,66,47
"B33 8DE",138,59,79,49
"B33 8DF",66,35,31,24
"B33 8DG",68,32,36,27
"B33 8DH",75,43,32,25
"B33 8DJ",30,15,15,10
"B33 8DL",23,15,8,8
"B33 8DN",23,12,11,6
"B33 8DP",44,17,27,20
"B33 8DR",78,33,45,27
"B33 8DS",15,5,10,8
"B33 8DT",76,37,39,24
"B33 8DU",59,30,29,19
"B33 8DW",26,13,13,8
"B33 8DX",65,31,34,25
"B33 8DY",66,34,32,26
"B33 8DZ",13,7,6,4
"B33 8EA",80,43,37,52
"B33 8EB",67,30,37,26
"B33 8ED",68,39,29,39
"B33 8EE",89,44,45,51
"B33 8EF",41,17,24,14
"B33 8EG",46,27,19,12
"B33 8EH",16,7,9,6
"B33 8EJ",77,25,52,30
"B33 8EP",95,52,43,24
"B33 8EQ",114,52,62,33
"B33 8ER",76,40,36,30
"B33 8ES",46,23,23,16
"B33 8ET",56,27,29,12
"B33 8EU",61,31,30,20
"B33 8EX",26,14,12,7
"B33 8EY",33,22,11,10
"B33 8HA",93,49,44,24
"B33 8HB",48,22,26,14
"B33 8HD",72,30,42,30
"B33 8HE",77,36,41,43
"B33 8HG",64,32,32,28
"B33 8HH",43,22,21,14
"B33 8HJ",51,21,30,15
"B33 8HL",145,70,75,48
"B33 8HN",41,18,23,18
"B33 8HP",38,16,22,14
"B33 8HR",46,26,20,18
"B33 8HS",66,32,34,25
"B33 8HT",69,33,36,13
"B33 8HW",48,17,31,22
"B33 8JA",25,10,15,9
"B33 8JB",2,1,1,1
"B33 8JD",43,15,28,14
"B33 8JE",65,42,23,20
"B33 8JG",45,26,19,13
"B33 8JH",90,46,44,31
"B33 8JJ",27,19,8,12
"B33 8JL",41,21,20,15
"B33 8JN",24,14,10,10
"B33 8JP",48,22,26,18
"B33 8JQ",61,24,37,24
"B33 8JR",46,25,21,13
"B33 8JS",90,49,41,24
"B33 8JT",90,37,53,27
"B33 8JU",50,26,24,19
"B33 8JX",98,48,50,42
"B33 8JY",81,39,42,26
"B33 8JZ",62,30,32,20
"B33 8LA",40,16,24,10
"B33 8LB",47,17,30,11
"B33 8LD",69,31,38,20
"B33 8LE",84,33,51,31
"B33 8LF",127,65,62,51
"B33 8LG",26,11,15,8
"B33 8LH",57,29,28,23
"B33 8LJ",69,36,33,28
"B33 8LL",97,51,46,39
"B33 8LN",80,39,41,36
"B33 8LQ",60,30,30,24
"B33 8LW",32,13,19,28
"B33 8LX",96,49,47,31
"B33 8LY",58,26,32,25
"B33 8NA",89,48,41,36
"B33 8NB",4,2,2,1
"B33 8ND",95,45,50,49
"B33 8NF",59,27,32,35
"B33 8NN",95,46,49,31
"B33 8NP",71,32,39,27
"B33 8NY",11,5,6,5
"B33 8NZ",24,11,13,10
"B33 8PA",77,20,57,14
"B33 8PB",6,4,2,2
"B33 8PD",11,6,5,5
"B33 8PE",13,5,8,10
"B33 8PG",70,41,29,21
"B33 8PH",108,57,51,34
"B33 8PJ",26,14,12,10
"B33 8PL",74,47,27,32
"B33 8PN",151,73,78,70
"B33 8PP",52,30,22,17
"B33 8PR",43,23,20,22
"B33 8PS",82,42,40,38
"B33 8PT",42,18,24,13
"B33 8PU",88,41,47,44
"B33 8PX",43,17,26,23
"B33 8PY",22,13,9,9
"B33 8QA",25,11,14,8
"B33 8QB",6,3,3,1
"B33 8QE",48,23,25,17
"B33 8QF",13,10,3,12
"B33 8QJ",44,21,23,10
"B33 8QL",84,30,54,67
"B33 8QP",44,19,25,30
"B33 8QR",108,54,54,27
"B33 8QS",61,25,36,22
"B33 8QT",67,30,37,22
"B33 8QU",17,10,7,8
"B33 8QX",30,14,16,12
"B33 8QY",53,22,31,20
"B33 8RA",34,14,20,13
"B33 8RB",49,27,22,26
"B33 8RD",144,69,75,49
"B33 8RE",61,31,30,27
"B33 8RF",6,3,3,3
"B33 8RG",58,24,34,22
"B33 8RH",87,38,49,30
"B33 8RJ",71,33,38,30
"B33 8RL",23,10,13,8
"B33 8RN",75,33,42,31
"B33 8RP",41,24,17,19
"B33 8RQ",7,4,3,5
"B33 8RR",26,9,17,7
"B33 8RS",77,43,34,31
"B33 8RT",60,31,29,28
"B33 8RU",58,33,25,24
"B33 8RX",99,51,48,35
"B33 8RY",48,24,24,23
"B33 8SA",27,15,12,10
"B33 8SB",66,29,37,32
"B33 8SD",61,29,32,39
"B33 8SH",32,16,16,10
"B33 8SL",99,51,48,45
"B33 8SN",44,23,21,13
"B33 8SP",59,31,28,19
"B33 8SR",97,47,50,26
"B33 8SS",15,7,8,4
"B33 8ST",147,78,69,43
"B33 8SU",7,2,5,3
"B33 8SX",91,44,47,30
"B33 8SY",86,39,47,32
"B33 8TA",27,13,14,9
"B33 8TB",114,52,62,45
"B33 8TD",50,28,22,20
"B33 8TE",48,25,23,24
"B33 8TF",29,15,14,11
"B33 8TG",31,17,14,10
"B33 8TH",19,10,9,6
"B33 8TJ",9,3,6,4
"B33 8TL",83,35,48,30
"B33 8TN",33,17,16,11
"B33 8TQ",36,16,20,17
"B33 8TX",114,63,51,47
"B33 8UA",71,38,33,22
"B33 8UB",71,39,32,15
"B33 8UE",75,36,39,33
"B33 8UG",19,8,11,8
"B33 8UH",136,70,66,49
"B33 8UJ",32,16,16,12
"B33 8UL",23,12,11,10
"B33 8UN",103,49,54,40
"B33 8UP",58,27,31,17
"B33 8UQ",24,9,15,6
"B33 8UR",74,35,39,26
"B33 8US",10,5,5,4
"B33 8UT",70,36,34,31
"B33 8UU",90,43,47,36
"B33 8UW",38,20,18,13
"B33 8UX",35,19,16,10
"B33 8UY",25,12,13,13
"B33 9AG",20,12,8,10
"B33 9AR",98,48,50,37
"B33 9AS",28,18,10,10
"B33 9AW",51,22,29,15
"B33 9AX",12,4,8,6
"B33 9AY",28,12,16,13
"B33 9AZ",55,18,37,18
"B33 9BB",72,35,37,33
"B33 9BD",159,75,84,54
"B33 9BH",4,2,2,3
"B33 9BL",37,15,22,18
"B33 9BP",32,14,18,11
"B33 9BS",43,19,24,15
"B33 9BT",70,33,37,25
"B33 9BU",60,27,33,25
"B33 9BX",12,7,5,6
"B33 9BY",71,35,36,32
"B33 9BZ",86,45,41,25
"B33 9DA",50,21,29,18
"B33 9DB",55,18,37,21
"B33 9DD",6,2,4,5
"B33 9DE",65,29,36,25
"B33 9DF",74,29,45,22
"B33 9DG",85,38,47,33
"B33 9DH",29,14,15,12
"B33 9DJ",161,78,83,56
"B33 9DL",106,51,55,40
"B33 9DN",101,47,54,30
"B33 9DP",63,24,39,25
"B33 9DR",72,35,37,26
"B33 9DS",27,13,14,10
"B33 9DT",20,8,12,10
"B33 9DU",33,13,20,26
"B33 9DW",48,24,24,17
"B33 9DX",51,30,21,17
"B33 9DY",137,65,72,46
"B33 9DZ",78,37,41,35
"B33 9ED",60,27,33,18
"B33 9EE",8,4,4,2
"B33 9EF",90,37,53,28
"B33 9EG",77,39,38,25
"B33 9EH",88,43,45,32
"B33 9EJ",10,4,6,3
"B33 9EL",20,10,10,6
"B33 9EN",123,59,64,46
"B33 9EP",39,26,13,13
"B33 9EQ",43,23,20,14
"B33 9ER",119,45,74,41
"B33 9ES",99,45,54,40
"B33 9ET",75,39,36,27
"B33 9EU",50,25,25,17
"B33 9EW",35,12,23,17
"B33 9EX",82,34,48,33
"B33 9EY",51,23,28,19
"B33 9EZ",59,34,25,18
"B33 9HA",97,46,51,27
"B33 9HB",37,18,19,15
"B33 9HD",86,43,43,29
"B33 9HE",72,40,32,36
"B33 9HF",51,28,23,34
"B33 9HG",92,50,42,35
"B33 9HH",134,68,66,44
"B33 9HJ",124,64,60,35
"B33 9HL",118,64,54,37
"B33 9HN",60,31,29,30
"B33 9HQ",13,4,9,6
"B33 9HS",53,27,26,19
"B33 9HT",54,32,22,20
"B33 9HU",61,30,31,23
"B33 9HW",53,24,29,26
"B33 9HX",46,21,25,15
"B33 9HY",22,13,9,9
"B33 9JA",40,20,20,20
"B33 9JB",74,38,36,28
"B33 9JD",94,40,54,33
"B33 9JE",119,62,57,47
"B33 9JG",42,19,23,16
"B33 9JH",102,49,53,40
"B33 9JL",121,55,66,34
"B33 9JN",100,44,56,39
"B33 9JP",28,11,17,11
"B33 9JQ",89,38,51,32
"B33 9JR",47,22,25,20
"B33 9JS",25,14,11,9
"B33 9JT",99,37,62,32
"B33 9JU",24,10,14,8
"B33 9JW",91,44,47,37
"B33 9JX",39,23,16,10
"B33 9JY",28,10,18,13
"B33 9LA",26,12,14,8
"B33 9LB",50,26,24,21
"B33 9LG",42,14,28,19
"B33 9LH",73,29,44,29
"B33 9LJ",77,32,45,34
"B33 9LL",44,26,18,15
"B33 9LN",96,42,54,36
"B33 9LP",27,9,18,11
"B33 9LR",54,25,29,24
"B33 9LS",41,18,23,19
"B33 9LT",6,3,3,5
"B33 9LU",11,4,7,6
"B33 9LX",109,48,61,34
"B33 9LY",24,13,11,8
"B33 9LZ",7,3,4,3
"B33 9NA",45,20,25,16
"B33 9NB",71,38,33,28
"B33 9ND",18,7,11,5
"B33 9NE",23,11,12,13
"B33 9NG",89,45,44,45
"B33 9NH",76,32,44,35
"B33 9NJ",95,42,53,38
"B33 9NL",45,25,20,22
"B33 9NN",32,15,17,10
"B33 9NP",67,31,36,26
"B33 9NQ",54,27,27,21
"B33 9NR",38,18,20,14
"B33 9NS",108,54,54,43
"B33 9NT",6,2,4,3
"B33 9NY",96,55,41,34
"B33 9NZ",28,15,13,11
"B33 9PA",75,32,43,28
"B33 9PB",62,36,26,24
"B33 9PD",39,22,17,13
"B33 9PE",123,55,68,41
"B33 9PF",26,13,13,8
"B33 9PG",59,26,33,20
"B33 9PH",58,31,27,17
"B33 9PJ",66,35,31,21
"B33 9PL",81,40,41,25
"B33 9PN",54,28,26,17
"B33 9PP",81,33,48,27
"B33 9PR",30,17,13,12
"B33 9PS",75,37,38,29
"B33 9PT",108,46,62,42
"B33 9PU",92,44,48,31
"B33 9PX",33,16,17,18
"B33 9PY",75,36,39,24
"B33 9QA",27,12,15,13
"B33 9QB",47,21,26,21
"B33 9QD",4,2,2,1
"B33 9QE",7,4,3,3
"B33 9QG",133,60,73,50
"B33 9QN",73,35,38,29
"B33 9QP",34,17,17,14
"B33 9QT",54,23,31,17
"B33 9QU",139,57,82,54
"B33 9QX",38,23,15,18
"B33 9QY",12,6,6,4
"B33 9RA",110,53,57,34
"B33 9RB",58,30,28,20
"B33 9RD",4,2,2,1
"B33 9RE",59,26,33,22
"B33 9RF",34,12,22,12
"B33 9RG",53,25,28,24
"B33 9RH",80,40,40,31
"B33 9RJ",44,23,21,18
"B33 9RL",83,43,40,34
"B33 9RN",101,53,48,37
"B33 9RP",76,34,42,26
"B33 9RR",47,20,27,21
"B33 9RS",10,3,7,5
"B33 9RT",135,70,65,47
"B33 9RU",93,42,51,31
"B33 9RX",34,13,21,9
"B33 9SA",94,45,49,38
"B33 9SB",19,13,6,10
"B33 9SD",11,8,3,6
"B33 9SE",11,5,6,5
"B33 9SF",4,3,1,1
"B33 9SG",67,25,42,40
"B33 9SH",14,5,9,6
"B33 9SJ",13,7,6,7
"B33 9SL",37,21,16,12
"B33 9SN",25,8,17,9
"B33 9SQ",12,8,4,6
"B33 9SS",72,31,41,24
"B33 9ST",51,24,27,20
"B33 9SU",27,12,15,12
"B33 9SX",77,41,36,30
"B33 9SY",61,32,29,23
"B33 9TA",86,41,45,32
"B33 9TB",121,61,60,37
"B33 9TD",79,38,41,29
"B33 9TE",35,19,16,14
"B33 9TF",115,52,63,43
"B33 9TG",111,59,52,33
"B33 9TH",74,42,32,20
"B33 9TJ",67,36,31,23
"B33 9TL",53,20,33,24
"B33 9TN",102,42,60,36
"B33 9TP",10,5,5,5
"B33 9TR",53,19,34,22
"B33 9TS",27,10,17,14
"B33 9TT",13,4,9,6
"B33 9TX",29,13,16,12
"B33 9TY",29,13,16,12
"B33 9UD",99,54,45,44
"B33 9UE",67,33,34,30
"B33 9UG",58,30,28,23
"B33 9UH",51,25,26,24
"B33 9UJ",11,7,4,3
"B33 9UL",54,20,34,23
"B33 9UN",28,12,16,10
"B33 9UP",29,13,16,16
"B33 9UR",37,19,18,20
"B33 9US",2,1,1,1
"B33 9UT",45,22,23,20
"B33 9UU",37,16,21,17
"B33 9UW",40,16,24,17
"B33 9UX",44,20,24,26
"B34 6AA",68,31,37,28
"B34 6AB",100,40,60,29
"B34 6AD",154,76,78,49
"B34 6AE",179,83,96,53
"B34 6AG",37,19,18,13
"B34 6AH",148,74,74,33
"B34 6AJ",90,41,49,22
"B34 6AL",57,28,29,19
"B34 6AN",116,67,49,26
"B34 6AP",113,56,57,27
"B34 6AR",59,28,31,18
"B34 6AS",74,35,39,19
"B34 6AT",32,17,15,10
"B34 6BG",69,29,40,28
"B34 6BH",78,42,36,21
"B34 6BJ",79,44,35,22
"B34 6BL",116,59,57,33
"B34 6BN",81,45,36,19
"B34 6BP",93,47,46,44
"B34 6BQ",15,6,9,11
"B34 6BS",109,56,53,32
"B34 6BT",87,41,46,31
"B34 6BU",84,41,43,24
"B34 6BX",90,52,38,27
"B34 6BY",20,11,9,13
"B34 6DA",62,32,30,29
"B34 6DB",88,42,46,34
"B34 6DD",94,46,48,35
"B34 6DE",75,38,37,27
"B34 6DR",18,8,10,9
"B34 6DS",90,45,45,41
"B34 6DT",115,55,60,42
"B34 6DU",71,39,32,24
"B34 6DX",97,42,55,31
"B34 6DY",97,46,51,30
"B34 6EA",63,28,35,26
"B34 6EB",119,60,59,42
"B34 6ED",100,49,51,38
"B34 6EE",156,74,82,52
"B34 6EG",41,22,19,14
"B34 6EH",138,71,67,54
"B34 6EJ",127,70,57,50
"B34 6EP",45,19,26,22
"B34 6ER",56,23,33,19
"B34 6ES",48,27,21,19
"B34 6ET",35,20,15,12
"B34 6EW",56,25,31,23
"B34 6EX",19,12,7,7
"B34 6EY",36,13,23,19
"B34 6EZ",30,13,17,11
"B34 6HA",207,78,129,69
"B34 6HB",65,28,37,23
"B34 6HD",10,6,4,5
"B34 6HF",17,10,7,5
"B34 6HG",57,23,34,23
"B34 6HH",84,46,38,41
"B34 6HJ",41,14,27,32
"B34 6HL",38,22,16,25
"B34 6HN",70,40,30,24
"B34 6HQ",41,19,22,22
"B34 6HR",88,39,49,41
"B34 6HS",52,22,30,22
"B34 6HT",27,9,18,17
"B34 6HU",60,27,33,34
"B34 6HW",27,11,16,13
"B34 6HX",104,54,50,44
"B34 6JA",7,3,4,4
"B34 6JB",122,50,72,59
"B34 6JD",39,18,21,18
"B34 6JE",18,10,8,9
"B34 6JG",128,59,69,46
"B34 6JH",89,42,47,34
"B34 6JJ",14,3,11,8
"B34 6JL",88,42,46,33
"B34 6JN",134,64,70,56
"B34 6JP",11,7,4,6
"B34 6JQ",85,42,43,41
"B34 6LA",22,10,12,5
"B34 6LB",41,18,23,16
"B34 6LD",19,10,9,13
"B34 6LE",40,15,25,36
"B34 6LG",96,49,47,42
"B34 6LH",33,14,19,11
"B34 6LJ",17,11,6,10
"B34 6LL",43,19,24,18
"B34 6LN",153,82,71,48
"B34 6LP",10,6,4,5
"B34 6LR",37,15,22,23
"B34 6LS",56,26,30,25
"B34 6LT",77,33,44,41
"B34 6LU",7,4,3,3
"B34 6LX",64,24,40,32
"B34 6LY",59,25,34,33
"B34 6NA",66,26,40,35
"B34 6NB",75,35,40,31
"B34 6ND",31,15,16,20
"B34 6NE",68,27,41,27
"B34 6NR",29,12,17,11
"B34 6NS",62,44,18,50
"B34 6NT",91,48,43,52
"B34 6NU",7,4,3,5
"B34 6NX",85,43,42,34
"B34 6NY",66,34,32,26
"B34 6PA",46,18,28,21
"B34 6PB",8,3,5,7
"B34 6PG",84,43,41,37
"B34 6PH",67,34,33,30
"B34 6PJ",53,23,30,25
"B34 6PN",82,43,39,38
"B34 6PP",71,28,43,34
"B34 6PQ",13,6,7,7
"B34 6PR",23,13,10,11
"B34 6PS",82,38,44,32
"B34 6PT",104,50,54,51
"B34 6PU",17,10,7,13
"B34 6PX",77,42,35,38
"B34 6PY",113,53,60,43
"B34 6PZ",76,32,44,65
"B34 6QA",30,13,17,17
"B34 6QB",45,20,25,22
"B34 6QN",89,41,48,38
"B34 6QP",35,16,19,17
"B34 6QR",65,29,36,32
"B34 6QS",70,38,32,31
"B34 6QT",73,36,37,46
"B34 6QU",66,30,36,27
"B34 6QW",84,31,53,36
"B34 6QX",1,0,1,1
"B34 6QY",48,28,20,23
"B34 6RA",44,22,22,25
"B34 6RB",78,36,42,39
"B34 6RD",64,29,35,33
"B34 6RE",69,31,38,29
"B34 6RF",17,7,10,6
"B34 6RG",37,15,22,19
"B34 6RH",18,5,13,10
"B34 6RJ",34,16,18,20
"B34 6RQ",27,13,14,17
"B34 6RX",75,32,43,32
"B34 6RY",67,32,35,33
"B34 6RZ",82,30,52,32
"B34 6SA",53,27,26,27
"B34 6SB",6,4,2,4
"B34 6SD",81,40,41,43
"B34 6SE",49,27,22,23
"B34 6SG",55,22,33,24
"B34 6SH",80,41,39,34
"B34 6SJ",107,49,58,39
"B34 6SP",81,45,36,35
"B34 6SR",37,17,20,16
"B34 6SS",50,27,23,18
"B34 6TA",25,11,14,13
"B34 6TB",16,8,8,8
"B34 6TD",23,11,12,10
"B34 6TE",19,9,10,10
"B34 6TF",61,28,33,27
"B34 6TG",20,8,12,14
"B34 6TH",24,10,14,13
"B34 6TJ",75,37,38,30
"B34 6TL",33,11,22,29
"B34 6TN",48,23,25,21
"B34 6TP",31,18,13,15
"B34 6TQ",49,24,25,17
"B34 6TR",42,19,23,25
"B34 6TS",28,12,16,13
"B34 6TT",28,13,15,12
"B34 6TU",42,18,24,22
"B34 6TW",61,27,34,31
"B34 6TX",45,20,25,27
"B34 6TY",7,3,4,6
"B34 6TZ",46,17,29,21
"B34 6UB",66,31,35,26
"B34 6UD",45,18,27,26
"B34 6UH",68,31,37,35
"B34 7AA",46,24,22,22
"B34 7AB",82,41,41,26
"B34 7AD",132,59,73,47
"B34 7AE",73,36,37,27
"B34 7AJ",5,5,0,5
"B34 7AL",84,48,36,31
"B34 7AN",91,54,37,39
"B34 7AP",4,1,3,4
"B34 7AR",27,11,16,22
"B34 7AT",27,14,13,12
"B34 7AX",106,49,57,45
"B34 7AY",88,47,41,30
"B34 7BP",53,11,42,0
"B34 7BS",27,12,15,13
"B34 7BT",13,8,5,11
"B34 7BU",42,16,26,22
"B34 7BX",52,25,27,29
"B34 7BY",36,22,14,18
"B34 7DA",19,11,8,11
"B34 7DB",42,20,22,23
"B34 7DN",42,16,26,20
"B34 7DP",88,38,50,38
"B34 7DR",82,40,42,37
"B34 7DS",101,49,52,38
"B34 7DT",5,2,3,4
"B34 7DU",42,21,21,20
"B34 7DX",40,18,22,21
"B34 7DY",88,42,46,34
"B34 7DZ",35,24,11,24
"B34 7EA",54,24,30,25
"B34 7EB",94,50,44,41
"B34 7ED",39,21,18,18
"B34 7EE",60,25,35,28
"B34 7EF",50,23,27,26
"B34 7EG",79,39,40,29
"B34 7EH",2,1,1,1
"B34 7EJ",6,2,4,6
"B34 7EN",55,27,28,23
"B34 7EP",40,20,20,16
"B34 7EQ",56,29,27,26
"B34 7ER",7,1,6,5
"B34 7HE",49,24,25,21
"B34 7HF",71,29,42,29
"B34 7HG",107,45,62,35
"B34 7HH",46,21,25,18
"B34 7HJ",60,21,39,27
"B34 7HL",87,38,49,37
"B34 7HN",50,24,26,15
"B34 7HR",40,19,21,12
"B34 7HS",90,42,48,48
"B34 7HT",111,47,64,49
"B34 7HU",73,38,35,40
"B34 7HX",51,28,23,24
"B34 7HY",50,22,28,30
"B34 7JA",49,24,25,38
"B34 7JB",27,9,18,21
"B34 7JD",58,26,32,33
"B34 7JE",32,17,15,18
"B34 7JF",58,27,31,33
"B34 7JG",55,25,30,28
"B34 7JL",78,31,47,24
"B34 7JP",70,27,43,22
"B34 7JQ",38,18,20,20
"B34 7JY",32,15,17,10
"B34 7LA",87,42,45,45
"B34 7LB",79,39,40,33
"B34 7LD",84,34,50,30
"B34 7LE",35,15,20,13
"B34 7LF",47,22,25,10
"B34 7LG",10,6,4,8
"B34 7LH",89,44,45,41
"B34 7LJ",36,18,18,16
"B34 7LL",133,57,76,56
"B34 7LN",97,46,51,41
"B34 7LP",33,12,21,9
"B34 7LR",39,14,25,13
"B34 7LS",20,11,9,8
"B34 7LT",81,33,48,41
"B34 7LU",40,13,27,11
"B34 7NA",86,31,55,37
"B34 7NB",40,18,22,15
"B34 7ND",29,14,15,11
"B34 7NE",28,11,17,14
"B34 7NF",7,4,3,6
"B34 7NG",33,15,18,15
"B34 7NH",97,51,46,48
"B34 7NJ",87,45,42,33
"B34 7NL",37,18,19,15
"B34 7NN",94,42,52,43
"B34 7NP",25,13,12,13
"B34 7NQ",24,13,11,7
"B34 7NR",71,33,38,32
"B34 7NS",55,25,30,22
"B34 7PA",27,13,14,13
"B34 7PB",32,13,19,16
"B34 7PD",34,17,17,21
"B34 7PN",24,12,12,7
"B34 7PP",31,15,16,8
"B34 7PR",53,22,31,20
"B34 7PS",15,7,8,11
"B34 7PT",46,21,25,22
"B34 7PX",37,18,19,28
"B34 7PY",48,21,27,23
"B34 7PZ",114,47,67,37
"B34 7QA",29,14,15,14
"B34 7QB",95,46,49,39
"B34 7QD",84,44,40,37
"B34 7QE",75,36,39,37
"B34 7QF",56,26,30,25
"B34 7QG",31,16,15,13
"B34 7QH",103,52,51,45
"B34 7QL",47,22,25,23
"B34 7QX",67,29,38,27
"B34 7QY",13,6,7,6
"B34 7QZ",44,25,19,18
"B34 7RA",34,15,19,19
"B34 7RB",44,13,31,35
"B34 7RD",54,18,36,27
"B34 7RE",95,47,48,38
"B34 7RG",144,70,74,52
"B34 7RH",64,35,29,24
"B34 7RJ",127,56,71,45
"B34 7RL",118,51,67,44
"B34 7RN",18,7,11,10
"B34 7RP",53,25,28,23
"B34 7RR",36,17,19,19
"B34 7RS",65,35,30,31
"B34 7RT",61,33,28,23
"B34 7RU",104,54,50,47
"B34 7RX",57,27,30,20
"B34 7SA",52,23,29,31
"B34 7SB",59,29,30,27
"B34 7SD",47,24,23,24
"B34 7SE",134,61,73,47
"B34 7SF",101,44,57,53
"B34 7SG",33,17,16,16
"B34 7SH",78,36,42,39
"B34 7SJ",98,42,56,37
"B34 7SN",74,35,39,33
"B34 7SP",35,19,16,11
"B34 7SQ",85,44,41,34
"B34 7SW",111,46,65,60
"B35 6AA",1,1,0,1
"B35 6AB",8,5,3,2
"B35 6AH",13,9,4,9
"B35 6AU",43,23,20,17
"B35 6AX",44,20,24,20
"B35 6BA",23,11,12,7
"B35 6BB",56,29,27,21
"B35 6BD",21,11,10,16
"B35 6BE",27,12,15,8
"B35 6BG",9,3,6,6
"B35 6BH",14,6,8,6
"B35 6BJ",28,11,17,14
"B35 6BL",69,28,41,28
"B35 6BP",64,25,39,27
"B35 6BT",45,23,22,42
"B35 6BU",33,16,17,14
"B35 6BX",33,14,19,14
"B35 6BY",70,29,41,23
"B35 6DA",18,9,9,8
"B35 6DB",67,32,35,31
"B35 6DD",25,11,14,12
"B35 6DE",92,42,50,29
"B35 6DG",25,11,14,8
"B35 6DH",72,37,35,30
"B35 6DJ",42,18,24,22
"B35 6DN",39,18,21,21
"B35 6DP",65,36,29,24
"B35 6DS",48,24,24,33
"B35 6DT",72,31,41,36
"B35 6DU",36,18,18,19
"B35 6DW",14,5,9,10
"B35 6DY",23,13,10,8
"B35 6EA",36,14,22,17
"B35 6HE",17,6,11,8
"B35 6HG",11,5,6,7
"B35 6HH",19,6,13,12
"B35 6HJ",22,12,10,8
"B35 6HL",9,3,6,6
"B35 6HN",11,6,5,6
"B35 6HP",20,9,11,9
"B35 6HR",40,20,20,22
"B35 6HS",8,4,4,6
"B35 6HT",19,11,8,9
"B35 6HU",74,41,33,28
"B35 6HY",45,24,21,19
"B35 6HZ",50,18,32,20
"B35 6JA",4,3,1,4
"B35 6JB",29,15,14,12
"B35 6JE",18,9,9,7
"B35 6JF",4,0,4,4
"B35 6JG",22,7,15,7
"B35 6JH",16,6,10,8
"B35 6JJ",23,12,11,8
"B35 6JL",38,19,19,15
"B35 6JN",32,22,10,18
"B35 6JP",57,26,31,25
"B35 6JR",47,21,26,21
"B35 6JS",7,4,3,4
"B35 6JT",49,23,26,25
"B35 6JU",21,7,14,11
"B35 6JW",24,9,15,9
"B35 6JX",42,20,22,18
"B35 6JY",29,16,13,14
"B35 6LA",15,10,5,7
"B35 6LB",8,2,6,3
"B35 6LL",9,6,3,6
"B35 6LN",39,22,17,14
"B35 6LP",21,11,10,8
"B35 6LR",16,8,8,6
"B35 6LS",31,8,23,9
"B35 6LT",24,8,16,16
"B35 6LY",11,4,7,5
"B35 6NB",33,17,16,16
"B35 6ND",18,11,7,10
"B35 6NE",30,16,14,12
"B35 6NF",52,24,28,26
"B35 6NH",36,17,19,14
"B35 6NJ",38,21,17,15
"B35 6NL",39,19,20,15
"B35 6NN",17,9,8,8
"B35 6NP",8,4,4,4
"B35 6NR",48,28,20,22
"B35 6NS",34,18,16,18
"B35 6NT",50,23,27,20
"B35 6NU",67,29,38,31
"B35 6NX",5,3,2,2
"B35 6NY",60,29,31,27
"B35 6PA",39,19,20,14
"B35 6PB",81,40,41,33
"B35 6PD",4,2,2,2
"B35 6PE",11,7,4,6
"B35 6PF",28,12,16,12
"B35 6PG",40,17,23,17
"B35 6PH",6,4,2,4
"B35 6PJ",59,29,30,26
"B35 6PL",13,8,5,5
"B35 6PN",15,10,5,5
"B35 6PP",15,10,5,6
"B35 6PR",14,7,7,8
"B35 6PS",21,8,13,11
"B35 6PT",41,19,22,16
"B35 6PU",53,27,26,38
"B35 6PW",43,21,22,24
"B35 6PZ",16,8,8,11
"B35 6QD",42,19,23,20
"B35 6QE",194,87,107,82
"B35 6QF",92,39,53,41
"B35 6QG",64,16,48,55
"B35 6QH",40,17,23,18
"B35 6QJ",14,6,8,13
"B35 6QL",21,11,10,17
"B35 6QN",68,38,30,41
"B35 6QP",82,37,45,41
"B35 6QQ",33,19,14,19
"B35 6QR",44,19,25,21
"B35 6QS",37,17,20,18
"B35 6QT",98,46,52,40
"B35 6QU",99,37,62,38
"B35 6QX",61,34,27,35
"B35 7AA",98,47,51,37
"B35 7AG",5,2,3,2
"B35 7BX",29,15,14,12
"B35 7BY",70,35,35,26
"B35 7DA",57,23,34,25
"B35 7DB",46,19,27,17
"B35 7DD",35,15,20,17
"B35 7DE",5,2,3,4
"B35 7DF",6,4,2,4
"B35 7DG",23,9,14,12
"B35 7DH",9,5,4,6
"B35 7DJ",25,12,13,11
"B35 7DL",26,8,18,8
"B35 7DN",26,12,14,17
"B35 7DP",35,14,21,16
"B35 7DQ",15,5,10,7
"B35 7DX",4,2,2,2
"B35 7DY",34,15,19,17
"B35 7EA",14,6,8,6
"B35 7EB",16,7,9,8
"B35 7ED",7,4,3,4
"B35 7EE",28,15,13,12
"B35 7EF",34,13,21,14
"B35 7EG",105,46,59,41
"B35 7EJ",59,26,33,29
"B35 7EL",62,30,32,21
"B35 7EN",35,16,19,19
"B35 7EP",54,25,29,22
"B35 7EQ",66,29,37,22
"B35 7ER",46,24,22,22
"B35 7ES",5,2,3,4
"B35 7ET",28,10,18,14
"B35 7EU",16,5,11,6
"B35 7EW",102,37,65,9
"B35 7EX",29,14,15,9
"B35 7EY",39,14,25,16
"B35 7EZ",81,38,43,28
"B35 7FP",18,9,9,5
"B35 7FW",31,17,14,13
"B35 7GA",6,4,2,1
"B35 7HA",30,15,15,10
"B35 7HE",46,21,25,19
"B35 7HF",45,18,27,14
"B35 7HG",42,17,25,13
"B35 7HH",30,12,18,15
"B35 7HJ",36,20,16,13
"B35 7HL",33,15,18,12
"B35 7HN",36,18,18,13
"B35 7HP",40,13,27,14
"B35 7HQ",16,6,10,5
"B35 7HR",60,23,37,21
"B35 7HT",19,10,9,8
"B35 7HW",13,7,6,8
"B35 7HX",19,11,8,7
"B35 7HY",46,25,21,39
"B35 7JB",38,19,19,14
"B35 7JD",18,7,11,10
"B35 7JE",71,33,38,31
"B35 7JF",156,79,77,54
"B35 7JG",15,6,9,5
"B35 7JH",36,21,15,12
"B35 7JJ",62,23,39,22
"B35 7JL",24,11,13,9
"B35 7JN",33,14,19,10
"B35 7JP",59,24,35,17
"B35 7JQ",120,56,64,49
"B35 7JR",26,12,14,10
"B35 7JS",73,32,41,20
"B35 7JT",21,9,12,7
"B35 7JU",18,11,7,12
"B35 7JW",32,17,15,10
"B35 7JX",88,34,54,27
"B35 7JY",55,25,30,25
"B35 7JZ",33,12,21,9
"B35 7LA",19,8,11,11
"B35 7LB",78,32,46,31
"B35 7LD",41,17,24,15
"B35 7LE",48,25,23,27
"B35 7LF",14,5,9,4
"B35 7LG",22,9,13,6
"B35 7LH",50,22,28,17
"B35 7LJ",36,16,20,17
"B35 7LL",62,26,36,27
"B35 7LN",85,25,60,29
"B35 7LP",21,9,12,8
"B35 7LQ",123,70,53,80
"B35 7LR",45,24,21,25
"B35 7LS",65,25,40,24
"B35 7LT",56,23,33,24
"B35 7LU",52,25,27,21
"B35 7LW",158,66,92,53
"B35 7LX",106,54,52,40
"B35 7LZ",92,37,55,29
"B35 7NA",36,19,17,12
"B35 7NB",27,17,10,6
"B35 7ND",46,21,25,15
"B35 7NE",21,10,11,10
"B35 7NF",8,5,3,6
"B35 7NG",14,8,6,8
"B35 7NH",17,7,10,14
"B35 7NJ",47,20,27,35
"B35 7NL",15,7,8,8
"B35 7NN",57,27,30,21
"B35 7NR",139,68,71,22
"B35 7NS",44,20,24,17
"B35 7NT",90,38,52,33
"B35 7NU",11,4,7,6
"B35 7NW",23,10,13,11
"B35 7PA",38,17,21,11
"B35 7PB",7,3,4,4
"B35 7PD",39,16,23,24
"B35 7PE",74,30,44,28
"B35 7PF",45,17,28,16
"B35 7PG",91,41,50,36
"B35 7PH",93,43,50,33
"B35 7PL",59,28,31,27
"B35 7PR",23,12,11,12
"B35 7PT",18,9,9,9
"B35 7PU",26,12,14,7
"B35 7PX",55,25,30,25
"B35 7PY",20,11,9,7
"B35 7QA",65,31,34,18
"B35 7QD",25,11,14,9
"B35 7QE",15,8,7,6
"B35 7QG",60,26,34,24
"B35 7QH",62,33,29,21
"B35 7QJ",23,13,10,10
"B35 7QL",15,6,9,6
"B35 7QN",18,7,11,6
"B35 7QP",18,10,8,7
"B35 7QQ",35,14,21,13
"B35 7QR",18,6,12,6
"B35 7QS",7,3,4,2
"B35 7QW",14,6,8,9
"B35 7RD",3,2,1,2
"B36 0AA",19,8,11,3
"B36 0AB",77,42,35,38
"B36 0AD",49,22,27,25
"B36 0AE",31,15,16,15
"B36 0AF",17,9,8,8
"B36 0AG",24,13,11,11
"B36 0AH",11,4,7,3
"B36 0AJ",51,25,26,22
"B36 0AL",31,17,14,12
"B36 0AN",120,59,61,50
"B36 0AP",26,12,14,8
"B36 0AR",50,28,22,21
"B36 0AY",57,22,35,24
"B36 0BA",75,35,40,33
"B36 0BH",141,75,66,48
"B36 0BJ",164,79,85,53
"B36 0BN",4,3,1,1
"B36 0BP",36,20,16,15
"B36 0BS",145,66,79,61
"B36 0BT",6,3,3,3
"B36 0BU",43,24,19,14
"B36 0BX",44,23,21,16
"B36 0DA",12,3,9,11
"B36 0DB",77,35,42,30
"B36 0DD",92,50,42,35
"B36 0DG",37,16,21,14
"B36 0DH",22,12,10,9
"B36 0DJ",18,9,9,9
"B36 0DL",26,11,15,10
"B36 0DN",121,60,61,46
"B36 0DP",98,49,49,44
"B36 0DR",90,46,44,42
"B36 0DS",93,47,46,35
"B36 0DT",81,40,41,30
"B36 0DU",116,58,58,41
"B36 0DX",70,36,34,27
"B36 0DY",100,50,50,36
"B36 0EA",30,14,16,11
"B36 0EB",92,45,47,30
"B36 0EH",115,54,61,43
"B36 0EJ",109,58,51,43
"B36 0EL",121,63,58,47
"B36 0EN",26,15,11,11
"B36 0EP",82,40,42,29
"B36 0ER",51,26,25,21
"B36 0ES",116,60,56,45
"B36 0ET",124,63,61,54
"B36 0EU",4,3,1,4
"B36 0EX",32,13,19,12
"B36 0EY",79,34,45,32
"B36 0HA",15,7,8,5
"B36 0HB",66,32,34,28
"B36 0HD",11,3,8,4
"B36 0HH",95,46,49,32
"B36 0HJ",143,76,67,63
"B36 0HL",142,72,70,50
"B36 0HN",102,54,48,39
"B36 0HP",99,52,47,37
"B36 0HR",134,62,72,58
"B36 0HS",137,66,71,56
"B36 0HT",81,40,41,38
"B36 0HU",59,27,32,27
"B36 0HX",91,42,49,36
"B36 0JE",132,69,63,53
"B36 0JG",9,6,3,9
"B36 0JH",79,37,42,28
"B36 0JJ",68,36,32,25
"B36 0JL",16,7,9,4
"B36 0JN",63,29,34,29
"B36 0JP",85,46,39,33
"B36 0JR",47,21,26,15
"B36 0JS",37,16,21,18
"B36 0JT",32,14,18,12
"B36 0JU",122,67,55,46
"B36 0JX",21,9,12,11
"B36 0LB",63,19,44,52
"B36 0LD",64,30,34,27
"B36 0LE",36,16,20,14
"B36 0LF",67,25,42,28
"B36 0LG",114,57,57,46
"B36 0LH",66,36,30,30
"B36 0LJ",118,57,61,57
"B36 0LN",110,57,53,44
"B36 0LR",44,17,27,22
"B36 0LS",9,3,6,7
"B36 0LT",148,64,84,61
"B36 0LU",77,37,40,46
"B36 0LX",107,52,55,58
"B36 0LY",115,55,60,43
"B36 0LZ",97,45,52,47
"B36 0NA",34,15,19,22
"B36 0NB",25,14,11,11
"B36 0ND",35,17,18,20
"B36 0NG",107,67,40,60
"B36 0NH",28,16,12,9
"B36 0NJ",73,31,42,30
"B36 0NL",38,18,20,16
"B36 0NS",30,13,17,13
"B36 0NT",81,42,39,38
"B36 0NU",95,46,49,43
"B36 0NX",102,43,59,39
"B36 0PA",108,51,57,46
"B36 0PB",88,44,44,33
"B36 0PD",74,32,42,32
"B36 0PF",19,9,10,8
"B36 0PG",87,44,43,51
"B36 0PH",45,17,28,17
"B36 0PJ",70,36,34,32
"B36 0PL",101,48,53,42
"B36 0PN",26,14,12,8
"B36 0PP",77,38,39,29
"B36 0PS",25,15,10,5
"B36 0PX",130,60,70,47
"B36 0PZ",100,51,49,38
"B36 0QA",66,30,36,27
"B36 0QB",45,20,25,16
"B36 0QD",78,38,40,31
"B36 0QE",67,34,33,24
"B36 0QF",36,13,23,14
"B36 0QG",31,12,19,12
"B36 0QH",48,24,24,19
"B36 0QL",37,18,19,12
"B36 0QN",63,29,34,29
"B36 0QP",53,26,27,21
"B36 0QQ",1,0,1,1
"B36 0QS",67,32,35,18
"B36 0QT",61,25,36,31
"B36 0QU",44,20,24,21
"B36 0QX",134,68,66,50
"B36 0QY",27,13,14,12
"B36 0QZ",17,7,10,13
"B36 0RA",53,22,31,18
"B36 0RB",79,37,42,24
"B36 0RD",78,34,44,29
"B36 0RF",29,14,15,11
"B36 0RG",49,25,24,24
"B36 0RH",65,32,33,28
"B36 0RJ",41,23,18,16
"B36 0RL",78,36,42,32
"B36 0RN",42,23,19,19
"B36 0RP",33,17,16,13
"B36 0RQ",45,24,21,29
"B36 0RR",36,11,25,15
"B36 0RS",76,34,42,43
"B36 0RT",146,67,79,53
"B36 0RU",24,12,12,13
"B36 0RW",146,77,69,30
"B36 0RX",123,58,65,41
"B36 0RY",45,22,23,14
"B36 0SA",75,31,44,31
"B36 0SB",95,49,46,34
"B36 0SD",88,39,49,32
"B36 0SE",63,32,31,27
"B36 0SF",11,6,5,3
"B36 0SG",60,26,34,20
"B36 0SN",137,66,71,52
"B36 0SP",91,34,57,39
"B36 0SQ",66,32,34,27
"B36 0SR",134,63,71,49
"B36 0SS",100,47,53,39
"B36 0ST",91,42,49,38
"B36 0SU",105,58,47,30
"B36 0SW",26,10,16,12
"B36 0SX",95,49,46,30
"B36 0SY",8,5,3,3
"B36 0SZ",5,1,4,1
"B36 0TA",87,37,50,28
"B36 0TB",6,5,1,4
"B36 0TD",51,22,29,23
"B36 0TE",95,43,52,40
"B36 0TG",36,18,18,18
"B36 0TH",94,40,54,53
"B36 0TJ",82,39,43,49
"B36 0TL",82,35,47,38
"B36 0TN",77,31,46,30
"B36 0TP",26,13,13,12
"B36 0TQ",71,18,53,23
"B36 0TR",106,51,55,35
"B36 0TS",85,39,46,41
"B36 0TT",56,33,23,26
"B36 0TU",37,20,17,15
"B36 0TW",140,59,81,59
"B36 0TX",42,21,21,16
"B36 0TY",56,31,25,27
"B36 0UA",92,51,41,59
"B36 0UB",97,48,49,60
"B36 0UD",39,21,18,19
"B36 0UF",1,1,0,1
"B36 0UG",9,2,7,4
"B36 0UH",63,29,34,32
"B36 0UJ",68,30,38,42
"B36 0UL",44,26,18,16
"B36 8AA",70,33,37,16
"B36 8AB",61,30,31,15
"B36 8AD",155,62,93,28
"B36 8AE",64,33,31,14
"B36 8AG",103,45,58,28
"B36 8AH",52,25,27,26
"B36 8AJ",52,26,26,20
"B36 8AL",56,27,29,18
"B36 8AN",28,15,13,19
"B36 8AP",124,58,66,54
"B36 8AR",136,65,71,51
"B36 8AS",190,97,93,65
"B36 8AT",51,24,27,19
"B36 8AU",90,48,42,32
"B36 8AX",97,50,47,34
"B36 8AY",82,46,36,24
"B36 8BE",6,3,3,1
"B36 8BG",142,76,66,41
"B36 8BJ",8,4,4,4
"B36 8BL",24,12,12,7
"B36 8BN",111,57,54,41
"B36 8BP",80,41,39,33
"B36 8BQ",85,41,44,31
"B36 8BS",48,22,26,18
"B36 8BT",28,14,14,6
"B36 8BU",33,12,21,10
"B36 8BW",144,65,79,56
"B36 8BX",67,29,38,20
"B36 8BY",81,31,50,34
"B36 8DA",40,17,23,20
"B36 8DB",43,18,25,18
"B36 8DL",30,16,14,10
"B36 8DN",10,6,4,4
"B36 8DT",17,11,6,9
"B36 8DX",3,1,2,2
"B36 8DY",40,19,21,7
"B36 8EA",48,22,26,18
"B36 8ED",81,31,50,19
"B36 8EE",66,32,34,17
"B36 8EF",60,27,33,17
"B36 8EG",163,73,90,41
"B36 8EH",19,8,11,6
"B36 8EJ",176,83,93,37
"B36 8EL",163,82,81,46
"B36 8EN",201,85,116,56
"B36 8EQ",173,78,95,46
"B36 8ET",42,16,26,10
"B36 8EU",120,66,54,29
"B36 8EX",43,22,21,7
"B36 8EY",3,2,1,1
"B36 8HA",107,51,56,25
"B36 8HB",3,2,1,1
"B36 8HD",90,52,38,23
"B36 8HE",111,53,58,32
"B36 8HG",71,33,38,16
"B36 8HH",162,83,79,40
"B36 8HJ",34,17,17,11
"B36 8HL",97,38,59,33
"B36 8HN",72,35,37,27
"B36 8HP",173,75,98,42
"B36 8HQ",86,39,47,21
"B36 8HR",68,39,29,24
"B36 8HS",95,41,54,36
"B36 8HT",74,36,38,26
"B36 8HU",51,25,26,19
"B36 8JB",172,92,80,57
"B36 8JD",93,46,47,15
"B36 8JE",92,43,49,22
"B36 8JG",148,74,74,33
"B36 8JH",150,72,78,39
"B36 8JJ",54,26,28,18
"B36 8JL",35,16,19,7
"B36 8JN",73,32,41,19
"B36 8JP",59,22,37,16
"B36 8JQ",126,62,64,34
"B36 8JR",111,55,56,30
"B36 8JS",52,24,28,18
"B36 8JT",73,34,39,31
"B36 8JU",39,20,19,15
"B36 8JX",58,32,26,26
"B36 8LA",47,23,24,16
"B36 8LB",156,72,84,49
"B36 8LD",70,38,32,14
"B36 8LE",122,55,67,39
"B36 8LJ",45,15,30,14
"B36 8LL",5,3,2,3
"B36 8LN",85,41,44,27
"B36 8LP",12,5,7,6
"B36 8LR",129,61,68,46
"B36 8LS",115,58,57,36
"B36 8LT",33,17,16,12
"B36 8LU",96,47,49,38
"B36 8LW",32,14,18,15
"B36 8LX",121,64,57,38
"B36 8LY",15,7,8,6
"B36 8LZ",58,26,32,15
"B36 8NA",37,15,22,11
"B36 8ND",68,35,33,15
"B36 8NE",86,31,55,24
"B36 8NG",83,32,51,62
"B36 8NH",108,43,65,36
"B36 8NJ",34,17,17,18
"B36 8NL",88,37,51,22
"B36 8NN",81,34,47,24
"B36 8NP",32,10,22,26
"B36 8NS",20,10,10,7
"B36 8NT",94,40,54,36
"B36 8NU",109,49,60,35
"B36 8NX",50,21,29,20
"B36 8NY",92,45,47,31
"B36 8PA",154,78,76,55
"B36 8PB",113,55,58,32
"B36 8PD",9,6,3,3
"B36 8PE",12,5,7,3
"B36 8PG",12,6,6,5
"B36 8PH",74,40,34,45
"B36 8PJ",78,37,41,48
"B36 8PL",110,47,63,38
"B36 8PN",38,18,20,13
"B36 8PP",68,33,35,26
"B36 8PR",42,20,22,16
"B36 8PS",77,33,44,27
"B36 8PT",22,6,16,8
"B36 8PU",28,12,16,14
"B36 8PX",67,28,39,33
"B36 8PZ",13,9,4,8
"B36 8QA",34,20,14,15
"B36 8QB",87,42,45,28
"B36 8QD",28,13,15,13
"B36 8QE",72,36,36,27
"B36 8QF",41,17,24,15
"B36 8QG",122,63,59,45
"B36 8QH",53,24,29,19
"B36 8QJ",34,17,17,18
"B36 8QL",59,29,30,27
"B36 8QN",69,34,35,23
"B36 8QP",25,11,14,11
"B36 8QQ",34,17,17,15
"B36 8QR",40,25,15,24
"B36 8QS",54,30,24,21
"B36 8QT",22,11,11,9
"B36 8QU",57,33,24,19
"B36 8QX",17,7,10,11
"B36 8QY",41,21,20,14
"B36 8RA",73,37,36,50
"B36 8RB",68,35,33,50
"B36 8RD",88,48,40,49
"B36 8RE",147,73,74,57
"B36 8RS",66,29,37,27
"B36 8RX",64,33,31,16
"B36 8RY",21,9,12,10
"B36 8SA",32,17,15,12
"B36 8SB",26,11,15,9
"B36 8SH",51,24,27,19
"B36 8SJ",21,7,14,8
"B36 8SL",22,9,13,10
"B36 8SN",32,15,17,10
"B36 8SU",14,8,6,5
"B36 8SW",43,20,23,15
"B36 8SX",19,10,9,8
"B36 8SY",75,30,45,30
"B36 8TA",32,19,13,15
"B36 8TB",49,23,26,20
"B36 8TD",33,19,14,13
"B36 8TG",64,32,32,24
"B36 8TH",21,7,14,8
"B36 8TJ",195,95,100,62
"B36 8TL",29,12,17,8
"B36 8TS",91,42,49,53
"B36 8TT",90,56,34,58
"B36 8TU",95,54,41,54
"B36 8TX",100,56,44,60
"B36 8UA",70,35,35,23
"B36 8UD",113,50,63,42
"B36 8UE",56,29,27,17
"B36 8UG",36,19,17,15
"B36 8UH",69,29,40,23
"B36 8UJ",68,32,36,21
"B36 8UL",98,42,56,31
"B36 8UN",63,29,34,22
"B36 8UP",43,17,26,16
"B36 8UR",14,5,9,5
"B36 8US",21,9,12,8
"B36 8UT",37,19,18,15
"B36 8UU",56,27,29,20
"B36 8UW",39,20,19,13
"B36 8UX",40,23,17,14
"B36 8UY",34,16,18,16
"B36 8UZ",34,21,13,12
"B36 9AA",50,30,20,16
"B36 9AB",70,34,36,28
"B36 9AD",49,24,25,17
"B36 9AG",63,34,29,25
"B36 9AJ",3,1,2,1
"B36 9AL",21,13,8,11
"B36 9AN",11,1,10,8
"B36 9AP",95,51,44,43
"B36 9AR",36,19,17,13
"B36 9AS",19,9,10,10
"B36 9AT",47,25,22,24
"B36 9AU",14,6,8,6
"B36 9AX",70,39,31,24
"B36 9AY",20,11,9,8
"B36 9BA",56,27,29,25
"B36 9BB",12,3,9,7
"B36 9BD",31,15,16,9
"B36 9BE",19,11,8,8
"B36 9BG",116,56,60,46
"B36 9BH",114,57,57,46
"B36 9BJ",5,2,3,3
"B36 9BP",111,58,53,41
"B36 9BU",60,30,30,24
"B36 9BX",21,13,8,8
"B36 9BY",61,34,27,26
"B36 9DA",25,9,16,12
"B36 9DB",29,12,17,24
"B36 9DE",2,1,1,1
"B36 9DG",32,17,15,20
"B36 9DH",40,19,21,17
"B36 9DJ",20,12,8,8
"B36 9DL",16,11,5,4
"B36 9DN",65,29,36,44
"B36 9DP",39,21,18,16
"B36 9DQ",120,60,60,53
"B36 9DR",84,36,48,32
"B36 9DS",31,15,16,12
"B36 9DT",37,18,19,25
"B36 9DU",10,3,7,8
"B36 9DY",88,42,46,37
"B36 9DZ",76,34,42,28
"B36 9EA",34,17,17,12
"B36 9EB",41,17,24,27
"B36 9ED",81,45,36,37
"B36 9EE",141,56,85,44
"B36 9EF",22,11,11,10
"B36 9EG",37,15,22,18
"B36 9EH",71,34,37,30
"B36 9EJ",76,25,51,51
"B36 9EL",69,38,31,24
"B36 9EN",94,51,43,32
"B36 9EP",70,27,43,44
"B36 9EQ",36,15,21,18
"B36 9ER",54,26,28,20
"B36 9ES",19,10,9,17
"B36 9ET",47,22,25,20
"B36 9EU",23,14,9,11
"B36 9EW",84,48,36,26
"B36 9EX",14,6,8,6
"B36 9EY",59,29,30,21
"B36 9HA",96,47,49,38
"B36 9HB",113,51,62,47
"B36 9HD",57,26,31,21
"B36 9HE",65,36,29,29
"B36 9HF",8,4,4,2
"B36 9HG",28,13,15,11
"B36 9HH",68,38,30,27
"B36 9HJ",142,71,71,52
"B36 9HL",88,36,52,38
"B36 9HN",24,7,17,12
"B36 9HP",60,30,30,24
"B36 9HX",37,18,19,18
"B36 9HY",48,26,22,20
"B36 9JA",67,35,32,33
"B36 9JB",126,62,64,49
"B36 9JD",102,54,48,41
"B36 9JE",74,36,38,29
"B36 9JG",71,35,36,39
"B36 9JH",97,47,50,40
"B36 9JJ",88,46,42,39
"B36 9JL",38,20,18,15
"B36 9JN",106,48,58,49
"B36 9JP",106,50,56,46
"B36 9JR",67,27,40,21
"B36 9JS",41,25,16,14
"B36 9JT",92,42,50,37
"B36 9JU",47,19,28,19
"B36 9JX",72,34,38,34
"B36 9JY",102,48,54,43
"B36 9JZ",78,39,39,43
"B36 9LA",32,19,13,12
"B36 9LB",48,25,23,19
"B36 9LD",51,20,31,17
"B36 9LE",44,23,21,17
"B36 9LF",48,22,26,18
"B36 9LG",94,42,52,38
"B36 9LH",39,19,20,16
"B36 9LJ",16,7,9,7
"B36 9LL",44,19,25,19
"B36 9LP",51,21,30,17
"B36 9LQ",92,44,48,45
"B36 9LR",26,11,15,14
"B36 9LS",4,1,3,3
"B36 9LT",14,9,5,11
"B36 9LU",32,15,17,14
"B36 9LW",9,6,3,3
"B36 9LX",138,62,76,54
"B36 9LY",3,1,2,1
"B36 9NA",40,20,20,20
"B36 9NB",120,57,63,49
"B36 9ND",107,51,56,45
"B36 9NE",16,6,10,8
"B36 9NG",13,8,5,6
"B36 9NH",50,22,28,18
"B36 9NJ",44,19,25,18
"B36 9NL",104,52,52,40
"B36 9NP",67,33,34,30
"B36 9NR",114,57,57,46
"B36 9NS",50,25,25,17
"B36 9NT",66,27,39,35
"B36 9NU",94,48,46,33
"B36 9NX",48,28,20,18
"B36 9SB",40,18,22,11
"B36 9SD",66,29,37,41
"B36 9SE",28,9,19,18
"B36 9SF",84,27,57,42
"B36 9SG",30,14,16,13
"B36 9SH",40,17,23,21
"B36 9SJ",55,28,27,24
"B36 9SL",121,53,68,48
"B36 9SN",64,35,29,24
"B36 9SP",17,8,9,6
"B36 9SQ",62,31,31,26
"B36 9SR",10,5,5,4
"B36 9SS",52,22,30,15
"B36 9ST",39,22,17,14
"B36 9SU",58,30,28,23
"B36 9SW",21,11,10,11
"B36 9SX",94,48,46,35
"B36 9SY",34,19,15,13
"B36 9SZ",66,32,34,25
"B36 9TA",66,35,31,32
"B36 9TB",69,32,37,26
"B36 9TD",38,17,21,15
"B36 9TE",33,16,17,15
"B36 9TF",63,34,29,20
"B36 9TG",67,30,37,27
"B36 9TH",89,41,48,43
"B36 9TJ",112,56,56,57
"B36 9TL",30,15,15,13
"B36 9TN",48,25,23,23
"B36 9TP",27,9,18,10
"B36 9TQ",29,14,15,10
"B36 9TR",34,16,18,12
"B36 9TS",33,17,16,12
"B36 9TT",50,24,26,23
"B36 9TU",43,22,21,16
"B36 9TW",33,18,15,12
"B36 9TX",32,16,16,16
"B36 9TY",89,42,47,39
"B36 9TZ",21,10,11,12
"B36 9UA",63,27,36,25
"B36 9UB",102,45,57,60
"B36 9UE",79,41,38,28
"B36 9UG",66,35,31,26
"B36 9UH",23,11,12,9
"B36 9UJ",28,5,23,25
"B36 9UQ",50,31,19,43
"B37 5AA",126,65,61,55
"B37 5AB",60,32,28,27
"B37 5AD",109,47,62,47
"B37 5AE",58,21,37,27
"B37 5AF",87,41,46,33
"B37 5AG",11,4,7,4
"B37 5AH",7,2,5,2
"B37 5AJ",90,41,49,29
"B37 5AL",12,7,5,5
"B37 5AN",106,55,51,48
"B37 5AP",7,3,4,3
"B37 5AR",68,33,35,32
"B37 5AS",117,53,64,49
"B37 5AT",105,46,59,39
"B37 5AU",80,43,37,37
"B37 5AW",26,13,13,11
"B37 5BA",41,22,19,16
"B37 5BB",26,13,13,10
"B37 5BD",44,23,21,22
"B37 5BE",46,21,25,28
"B37 5BG",68,34,34,24
"B37 5BH",24,13,11,11
"B37 5BJ",86,44,42,32
"B37 5BL",6,4,2,3
"B37 5BN",102,45,57,41
"B37 5BP",51,21,30,29
"B37 5BS",74,38,36,38
"B37 5BT",40,20,20,16
"B37 5BU",70,42,28,34
"B37 5BW",42,19,23,19
"B37 5BX",73,38,35,38
"B37 5BY",109,53,56,41
"B37 5BZ",74,37,37,27
"B37 5DA",58,28,30,29
"B37 5DB",62,28,34,31
"B37 5DD",48,20,28,24
"B37 5DE",54,27,27,20
"B37 5DG",69,27,42,38
"B37 5DH",54,18,36,22
"B37 5DJ",123,61,62,56
"B37 5DL",16,6,10,10
"B37 5DN",21,12,9,8
"B37 5DP",2,0,2,2
"B37 5DQ",80,37,43,33
"B37 5DR",2,0,2,2
"B37 5DS",98,45,53,40
"B37 5DT",9,5,4,5
"B37 5DU",77,37,40,42
"B37 5DW",60,28,32,24
"B37 5DX",39,19,20,25
"B37 5DY",9,5,4,4
"B37 5EA",76,38,38,37
"B37 5EB",60,30,30,27
"B37 5ED",71,36,35,34
"B37 5EE",18,5,13,12
"B37 5EG",65,27,38,28
"B37 5EH",133,72,61,55
"B37 5EJ",20,6,14,6
"B37 5EL",50,23,27,24
"B37 5EN",71,30,41,33
"B37 5EP",15,8,7,7
"B37 5EQ",123,56,67,53
"B37 5ER",70,35,35,31
"B37 5ES",15,6,9,10
"B37 5ET",39,23,16,17
"B37 5EU",50,25,25,34
"B37 5EW",68,36,32,40
"B37 5EY",41,20,21,16
"B37 5EZ",3,1,2,2
"B37 5HB",21,9,12,11
"B37 5HD",64,37,27,34
"B37 5HE",49,27,22,24
"B37 5HG",57,26,31,21
"B37 5HH",125,57,68,58
"B37 5HJ",8,4,4,4
"B37 5HL",60,37,23,30
"B37 5HN",58,23,35,22
"B37 5HP",63,28,35,25
"B37 5HR",6,2,4,4
"B37 5HS",66,33,33,26
"B37 5HT",17,9,8,6
"B37 5HU",17,6,11,10
"B37 5HW",93,45,48,38
"B37 5HX",94,42,52,39
"B37 5HY",50,26,24,31
"B37 5JA",23,10,13,11
"B37 5JB",21,12,9,8
"B37 5JD",58,28,30,28
"B37 5JE",66,35,31,26
"B37 5JG",26,12,14,10
"B37 5JH",23,14,9,9
"B37 5JJ",88,38,50,38
"B37 5JL",106,46,60,50
"B37 5JN",66,26,40,36
"B37 5JP",48,25,23,21
"B37 5JR",20,12,8,6
"B37 5JW",76,36,40,23
"B37 5JY",126,58,68,59
"B37 5JZ",37,22,15,15
"B37 5LA",22,8,14,15
"B37 5LB",108,52,56,44
"B37 5LD",178,94,84,64
"B37 5LE",103,55,48,48
"B37 5LF",77,42,35,24
"B37 5LG",79,37,42,36
"B37 5LH",38,16,22,15
"B37 5LJ",94,37,57,38
"B37 5LL",67,35,32,22
"B37 5LN",84,37,47,34
"B37 5LP",53,27,26,17
"B37 5LQ",91,46,45,34
"B37 5LR",29,19,10,13
"B37 5LS",16,9,7,7
"B37 5LU",39,19,20,15
"B37 5LW",100,43,57,37
"B37 5LX",41,21,20,17
"B37 5LY",72,41,31,30
"B37 5NA",28,13,15,16
"B37 5NB",57,31,26,23
"B37 5ND",16,7,9,5
"B37 5NE",55,25,30,19
"B37 5NF",45,22,23,14
"B37 5NG",48,23,25,24
"B37 5NH",41,17,24,18
"B37 5NJ",17,8,9,7
"B37 5NL",2,1,1,1
"B37 5NN",72,31,41,27
"B37 5NP",53,27,26,18
"B37 5NQ",70,31,39,30
"B37 5NR",18,8,10,13
"B37 5NS",28,17,11,12
"B37 5NT",75,35,40,27
"B37 5NU",49,21,28,17
"B37 5NW",51,19,32,19
"B37 5NX",37,18,19,19
"B37 5NY",46,19,27,19
"B37 5NZ",57,27,30,25
"B37 5PA",27,10,17,18
"B37 5PB",15,9,6,9
"B37 5PD",24,14,10,14
"B37 5PE",24,2,22,0
"B37 5PF",29,14,15,16
"B37 5PG",125,65,60,47
"B37 5PH",52,26,26,22
"B37 5PJ",36,19,17,13
"B37 5PL",65,37,28,31
"B37 5PP",72,34,38,28
"B37 5PR",78,34,44,33
"B37 5PS",97,49,48,34
"B37 5PT",28,14,14,14
"B37 5PU",33,14,19,13
"B37 5PX",89,54,35,63
"B37 5QA",5,2,3,4
"B37 5QB",130,58,72,64
"B37 5QD",47,23,24,17
"B37 5QH",116,46,70,64
"B37 5QJ",35,18,17,13
"B37 5QL",27,14,13,16
"B37 5QP",63,24,39,28
"B37 5QR",58,29,29,18
"B37 5QS",64,30,34,26
"B37 5QT",27,13,14,11
"B37 5QU",33,15,18,14
"B37 5QX",25,12,13,5
"B37 5RB",8,4,4,6
"B37 5RD",14,7,7,7
"B37 5RH",38,19,19,13
"B37 5RJ",45,22,23,15
"B37 5RL",67,28,39,33
"B37 5RP",66,33,33,27
"B37 5RR",31,16,15,15
"B37 5RS",4,2,2,2
"B37 5RT",90,40,50,38
"B37 5RU",94,44,50,34
"B37 5RX",18,8,10,6
"B37 5RY",15,5,10,6
"B37 5RZ",76,35,41,33
"B37 5SA",11,7,4,6
"B37 5SB",6,3,3,3
"B37 5SD",24,11,13,14
"B37 5SH",13,6,7,6
"B37 5SJ",27,12,15,17
"B37 5SL",46,21,25,40
"B37 5TB",102,51,51,59
"B37 5TD",98,54,44,57
"B37 5TS",8,4,4,6
"B37 6AA",42,22,20,18
"B37 6AB",24,8,16,13
"B37 6AD",65,34,31,22
"B37 6AE",37,15,22,12
"B37 6AF",41,24,17,14
"B37 6AG",77,36,41,25
"B37 6AH",39,19,20,17
"B37 6AJ",88,41,47,45
"B37 6AL",82,36,46,35
"B37 6AN",108,46,62,40
"B37 6AP",45,16,29,18
"B37 6AQ",69,33,36,27
"B37 6AR",16,7,9,6
"B37 6AS",81,35,46,35
"B37 6AT",49,24,25,24
"B37 6AW",84,39,45,37
"B37 6AZ",13,7,6,9
"B37 6BA",21,11,10,8
"B37 6BB",45,19,26,19
"B37 6BE",37,19,18,18
"B37 6BG",57,23,34,19
"B37 6BH",88,45,43,38
"B37 6BJ",58,28,30,20
"B37 6BL",97,36,61,37
"B37 6BN",96,37,59,33
"B37 6BP",73,29,44,24
"B37 6BQ",3,1,2,2
"B37 6BS",52,24,28,22
"B37 6BT",76,38,38,32
"B37 6BU",73,39,34,36
"B37 6BW",12,3,9,5
"B37 6BX",26,13,13,12
"B37 6BY",72,38,34,27
"B37 6BZ",11,6,5,5
"B37 6DA",10,8,2,6
"B37 6DF",42,19,23,17
"B37 6DG",65,29,36,22
"B37 6DH",78,37,41,35
"B37 6DJ",85,45,40,27
"B37 6DL",58,33,25,17
"B37 6DN",104,49,55,40
"B37 6DP",48,17,31,19
"B37 6DQ",26,13,13,8
"B37 6DR",35,19,16,12
"B37 6DS",26,11,15,11
"B37 6DT",45,22,23,15
"B37 6DU",47,20,27,17
"B37 6DW",7,2,5,5
"B37 6DX",16,8,8,9
"B37 6DY",80,39,41,36
"B37 6DZ",84,35,49,36
"B37 6EA",57,26,31,30
"B37 6EB",132,65,67,48
"B37 6ED",17,8,9,10
"B37 6EE",58,22,36,18
"B37 6EG",72,25,47,35
"B37 6EH",47,20,27,23
"B37 6EJ",133,68,65,50
"B37 6ER",53,26,27,19
"B37 6ES",115,45,70,37
"B37 6ET",59,29,30,19
"B37 6EU",21,10,11,7
"B37 6EY",2,1,1,1
"B37 6EZ",111,44,67,43
"B37 6HA",25,9,16,13
"B37 6HB",79,26,53,65
"B37 6HD",28,10,18,14
"B37 6HE",88,42,46,38
"B37 6HG",42,14,28,15
"B37 6HH",20,9,11,10
"B37 6HJ",17,11,6,6
"B37 6HL",61,25,36,23
"B37 6HN",51,24,27,25
"B37 6HP",116,61,55,47
"B37 6HW",45,25,20,21
"B37 6HX",51,25,26,27
"B37 6HY",83,42,41,38
"B37 6JA",37,13,24,13
"B37 6JB",16,9,7,5
"B37 6JD",54,29,25,21
"B37 6JE",83,32,51,36
"B37 6JG",58,27,31,22
"B37 6JH",61,23,38,25
"B37 6JJ",29,16,13,13
"B37 6JL",18,10,8,8
"B37 6JN",71,35,36,27
"B37 6JP",90,46,44,34
"B37 6JQ",14,7,7,6
"B37 6JR",75,38,37,35
"B37 6JY",87,47,40,29
"B37 6JZ",24,13,11,9
"B37 6LA",16,12,4,6
"B37 6LB",89,42,47,32
"B37 6LD",33,19,14,18
"B37 6LE",57,25,32,28
"B37 6LG",58,29,29,25
"B37 6LH",31,17,14,12
"B37 6LJ",120,61,59,51
"B37 6LL",76,38,38,37
"B37 6LN",40,17,23,21
"B37 6LP",82,40,42,26
"B37 6LR",77,39,38,34
"B37 6LS",73,39,34,34
"B37 6LT",51,33,18,29
"B37 6LU",46,23,23,19
"B37 6LW",33,15,18,18
"B37 6LY",7,3,4,2
"B37 6NA",144,75,69,53
"B37 6NB",57,31,26,21
"B37 6ND",20,9,11,8
"B37 6NE",85,42,43,35
"B37 6NF",58,31,27,22
"B37 6NG",88,46,42,32
"B37 6NH",22,9,13,8
"B37 6NJ",154,72,82,55
"B37 6NL",83,37,46,34
"B37 6NN",71,29,42,32
"B37 6NP",104,56,48,44
"B37 6NR",61,32,29,27
"B37 6NS",97,53,44,38
"B37 6NT",34,17,17,13
"B37 6NU",47,23,24,20
"B37 6NX",57,26,31,26
"B37 6NY",94,50,44,38
"B37 6PA",42,23,19,19
"B37 6PB",29,12,17,12
"B37 6PD",45,25,20,15
"B37 6PH",82,42,40,40
"B37 6PJ",85,46,39,42
"B37 6PL",74,43,31,43
"B37 6PN",75,42,33,40
"B37 6PP",91,38,53,37
"B37 6PR",122,60,62,49
"B37 6PS",47,33,14,40
"B37 6PT",52,30,22,42
"B37 6PU",47,29,18,40
"B37 6PX",49,34,15,40
"B37 6QD",119,59,60,50
"B37 6QE",128,59,69,50
"B37 6QG",32,14,18,10
"B37 6QH",64,25,39,23
"B37 6QJ",79,44,35,25
"B37 6QN",77,36,41,36
"B37 6QR",149,75,74,60
"B37 6QS",41,27,14,14
"B37 6QT",44,21,23,19
"B37 6QU",19,11,8,8
"B37 6QX",54,27,27,22
"B37 6QY",38,22,16,14
"B37 6QZ",116,40,76,20
"B37 6RA",18,8,10,14
"B37 6RB",33,15,18,15
"B37 6RH",70,40,30,33
"B37 6RJ",42,26,16,15
"B37 6RL",95,50,45,44
"B37 6RN",87,40,47,43
"B37 6RP",12,6,6,5
"B37 6RR",14,9,5,9
"B37 6RT",78,40,38,43
"B37 6RU",78,39,39,41
"B37 6RX",33,13,20,14
"B37 6RY",89,43,46,33
"B37 6RZ",27,10,17,14
"B37 6SA",12,6,6,8
"B37 6SB",17,8,9,4
"B37 6SD",10,4,6,7
"B37 6SE",66,33,33,28
"B37 6SG",5,2,3,4
"B37 6SH",100,52,48,43
"B37 6SJ",36,18,18,15
"B37 6SL",25,14,11,10
"B37 6SN",33,15,18,15
"B37 6SP",106,53,53,42
"B37 6SQ",75,39,36,34
"B37 6SR",25,14,11,16
"B37 6SS",11,6,5,5
"B37 6SY",103,47,56,45
"B37 6SZ",54,25,29,24
"B37 6TA",122,56,66,50
"B37 6TB",79,46,33,30
"B37 6TD",14,9,5,9
"B37 6TG",10,5,5,4
"B37 6TH",76,43,33,42
"B37 6TJ",18,9,9,7
"B37 6TL",79,38,41,37
"B37 6TN",39,18,21,24
"B37 6TP",92,47,45,33
"B37 6TR",37,16,21,21
"B37 6TS",69,32,37,30
"B37 6TT",93,40,53,46
"B37 6TU",128,65,63,47
"B37 6TX",7,4,3,4
"B37 6TY",99,47,52,51
"B37 6UA",10,5,5,4
"B37 6UB",77,42,35,23
"B37 6UD",24,14,10,10
"B37 6UE",57,27,30,21
"B37 6UF",92,54,38,36
"B37 6UG",16,8,8,4
"B37 6UH",49,23,26,19
"B37 6UJ",84,40,44,46
"B37 6UL",79,46,33,33
"B37 6UN",63,29,34,29
"B37 6UP",77,42,35,40
"B37 6UR",25,11,14,9
"B37 7AA",112,54,58,40
"B37 7AB",20,10,10,12
"B37 7AD",43,24,19,18
"B37 7AE",60,31,29,24
"B37 7AF",31,7,24,29
"B37 7AG",45,20,25,22
"B37 7AH",18,12,6,9
"B37 7AJ",108,53,55,38
"B37 7AL",56,31,25,24
"B37 7AN",53,29,24,23
"B37 7AP",45,21,24,14
"B37 7AS",20,9,11,7
"B37 7AT",65,32,33,23
"B37 7AU",16,8,8,5
"B37 7AX",27,11,16,14
"B37 7AY",76,39,37,31
"B37 7AZ",1,1,0,1
"B37 7BA",71,36,35,32
"B37 7BB",23,11,12,9
"B37 7BD",13,5,8,10
"B37 7BE",49,24,25,19
"B37 7BG",74,35,39,27
"B37 7BH",16,7,9,6
"B37 7BJ",44,19,25,19
"B37 7BL",14,7,7,5
"B37 7BN",9,5,4,4
"B37 7BP",20,10,10,10
"B37 7BS",17,8,9,6
"B37 7BT",38,20,18,21
"B37 7BU",90,45,45,37
"B37 7BX",114,52,62,51
"B37 7BY",115,58,57,48
"B37 7DA",12,8,4,5
"B37 7DB",11,6,5,6
"B37 7DD",66,32,34,24
"B37 7DE",56,27,29,21
"B37 7DH",78,39,39,31
"B37 7DJ",19,8,11,9
"B37 7DL",67,35,32,28
"B37 7DN",128,62,66,42
"B37 7DP",86,36,50,36
"B37 7DQ",3,1,2,2
"B37 7DR",55,26,29,24
"B37 7DT",60,27,33,29
"B37 7DU",153,76,77,54
"B37 7DW",47,24,23,21
"B37 7DX",118,61,57,48
"B37 7EA",16,8,8,6
"B37 7EB",79,35,44,25
"B37 7ED",16,10,6,5
"B37 7EE",13,7,6,6
"B37 7EG",86,45,41,34
"B37 7EJ",34,15,19,12
"B37 7EL",95,46,49,41
"B37 7EN",41,17,24,16
"B37 7EP",52,23,29,21
"B37 7EQ",67,33,34,24
"B37 7ER",28,15,13,12
"B37 7EU",25,10,15,7
"B37 7EW",78,37,41,29
"B37 7EX",3,1,2,1
"B37 7EY",54,28,26,24
"B37 7FR",20,11,9,6
"B37 7FS",179,87,92,73
"B37 7FT",17,7,10,5
"B37 7FX",64,31,33,26
"B37 7GE",79,42,37,30
"B37 7GF",36,19,17,14
"B37 7GG",55,17,38,16
"B37 7GH",66,36,30,19
"B37 7GJ",46,24,22,16
"B37 7GL",95,51,44,51
"B37 7GP",112,51,61,48
"B37 7GQ",56,31,25,22
"B37 7GR",4,2,2,2
"B37 7GS",136,61,75,52
"B37 7GT",37,19,18,10
"B37 7GW",34,13,21,12
"B37 7GX",13,7,6,4
"B37 7HJ",6,3,3,3
"B37 7HL",109,79,30,2
"B37 7HN",27,14,13,13
"B37 7HP",103,60,43,31
"B37 7HR",7,5,2,3
"B37 7HS",25,9,16,10
"B37 7HT",96,47,49,32
"B37 7HU",25,11,14,10
"B37 7HW",82,43,39,27
"B37 7HX",37,17,20,20
"B37 7HY",45,19,26,21
"B37 7JA",23,10,13,10
"B37 7JB",189,103,86,51
"B37 7JD",2,1,1,1
"B37 7JE",50,23,27,23
"B37 7JH",121,54,67,58
"B37 7JJ",72,28,44,28
"B37 7JL",110,47,63,43
"B37 7JN",51,24,27,20
"B37 7JP",14,6,8,4
"B37 7JR",74,33,41,43
"B37 7JS",90,49,41,46
"B37 7JT",4,2,2,1
"B37 7JU",42,23,19,24
"B37 7JW",32,15,17,11
"B37 7JX",24,10,14,14
"B37 7JY",61,22,39,23
"B37 7JZ",85,42,43,41
"B37 7LA",95,42,53,33
"B37 7LB",90,48,42,34
"B37 7LD",86,48,38,38
"B37 7LE",89,43,46,39
"B37 7LF",68,38,30,33
"B37 7LG",141,64,77,52
"B37 7LH",89,36,53,40
"B37 7LJ",57,27,30,19
"B37 7LL",112,48,64,54
"B37 7LN",68,34,34,27
"B37 7LP",98,48,50,47
"B37 7LQ",123,61,62,54
"B37 7LR",19,10,9,8
"B37 7LS",3,2,1,1
"B37 7LT",20,15,5,13
"B37 7LU",31,14,17,15
"B37 7LX",41,19,22,16
"B37 7LY",45,26,19,15
"B37 7LZ",139,68,71,51
"B37 7NA",26,10,16,11
"B37 7NB",8,6,2,3
"B37 7ND",14,7,7,7
"B37 7NE",120,60,60,65
"B37 7NG",87,42,45,43
"B37 7NH",51,24,27,23
"B37 7NJ",47,23,24,23
"B37 7NL",77,41,36,43
"B37 7NN",16,7,9,6
"B37 7NP",29,19,10,12
"B37 7NQ",39,18,21,19
"B37 7NR",33,16,17,19
"B37 7NS",21,10,11,9
"B37 7NT",45,20,25,25
"B37 7NU",42,16,26,20
"B37 7NX",47,23,24,25
"B37 7NY",79,33,46,39
"B37 7PA",41,17,24,21
"B37 7PB",52,30,22,21
"B37 7PD",88,42,46,42
"B37 7PE",63,33,30,28
"B37 7PF",118,60,58,54
"B37 7PH",52,21,31,24
"B37 7PJ",61,29,32,31
"B37 7PL",42,23,19,20
"B37 7PN",55,31,24,35
"B37 7PP",90,47,43,39
"B37 7PR",88,45,43,35
"B37 7PS",116,62,54,45
"B37 7PT",104,59,45,43
"B37 7PU",33,16,17,12
"B37 7PW",42,22,20,20
"B37 7PX",26,11,15,12
"B37 7PY",20,6,14,9
"B37 7QA",30,16,14,13
"B37 7QB",45,25,20,18
"B37 7QD",118,66,52,44
"B37 7QE",53,27,26,22
"B37 7QF",53,25,28,33
"B37 7QG",16,4,12,9
"B37 7QH",94,41,53,45
"B37 7QJ",65,36,29,31
"B37 7QL",66,27,39,30
"B37 7QN",58,28,30,27
"B37 7QP",64,27,37,23
"B37 7QR",9,3,6,8
"B37 7QS",10,4,6,5
"B37 7QT",172,77,95,65
"B37 7QU",11,5,6,4
"B37 7QX",88,50,38,39
"B37 7QY",20,8,12,10
"B37 7RA",39,18,21,19
"B37 7RB",20,11,9,9
"B37 7RD",84,47,37,36
"B37 7RE",23,8,15,9
"B37 7RG",17,7,10,13
"B37 7RH",31,16,15,17
"B37 7RJ",28,12,16,14
"B37 7RN",97,45,52,50
"B37 7RQ",48,23,25,21
"B37 7RR",22,12,10,7
"B37 7RS",59,31,28,20
"B37 7RT",44,25,19,19
"B37 7RU",77,40,37,44
"B37 7RW",94,34,60,37
"B37 7RX",22,10,12,9
"B37 7RY",48,18,30,20
"B37 7RZ",86,37,49,42
"B37 7SA",31,17,14,12
"B37 7SB",20,8,12,11
"B37 7SD",64,28,36,30
"B37 7SG",147,59,88,64
"B37 7SH",64,31,33,31
"B37 7SJ",93,42,51,43
"B37 7SL",60,24,36,22
"B37 7SN",88,46,42,29
"B37 7SP",32,16,16,13
"B37 7SR",18,8,10,12
"B37 7SS",21,10,11,6
"B37 7ST",41,12,29,17
"B37 7SU",47,19,28,19
"B37 7SW",68,37,31,37
"B37 7SX",42,19,23,17
"B37 7SY",55,28,27,18
"B37 7TA",64,32,32,28
"B37 7TB",131,59,72,52
"B37 7TD",83,43,40,25
"B37 7TE",103,52,51,39
"B37 7TF",11,5,6,9
"B37 7TG",71,35,36,28
"B37 7TH",88,43,45,30
"B37 7TJ",101,48,53,41
"B37 7TL",16,5,11,9
"B37 7TN",52,27,25,39
"B37 7TQ",14,4,10,11
"B37 7TS",19,9,10,7
"B37 7TT",13,5,8,6
"B37 7TU",31,14,17,17
"B37 7TW",50,25,25,40
"B37 7TX",38,19,19,15
"B37 7TY",15,9,6,6
"B37 7UA",155,71,84,62
"B37 7UB",48,24,24,16
"B37 7UD",38,18,20,14
"B37 7UE",18,7,11,8
"B37 7UF",69,40,29,23
"B37 7UG",67,33,34,19
"B37 7UH",186,91,95,56
"B37 7UL",116,61,55,43
"B37 7UN",110,57,53,44
"B37 7UP",23,11,12,15
"B37 7UR",97,44,53,42
"B37 7US",40,19,21,14
"B37 7UT",91,40,51,75
"B37 7UY",34,17,17,16
"B37 7XB",16,8,8,6
"B37 7XH",16,7,9,5
"B37 7XJ",23,14,9,7
"B37 7XL",30,18,12,15
"B37 7XN",32,18,14,10
"B38 0AA",49,21,28,23
"B38 0AB",50,22,28,22
"B38 0AD",60,24,36,25
"B38 0AE",65,35,30,26
"B38 0AF",25,13,12,17
"B38 0AG",60,26,34,26
"B38 0AH",28,8,20,18
"B38 0AJ",22,12,10,11
"B38 0AL",35,11,24,14
"B38 0AN",53,19,34,4
"B38 0AP",17,6,11,8
"B38 0AQ",28,13,15,10
"B38 0AR",81,40,41,34
"B38 0AU",33,16,17,12
"B38 0AW",15,11,4,10
"B38 0AX",50,23,27,19
"B38 0AY",66,32,34,30
"B38 0AZ",76,34,42,31
"B38 0BA",67,33,34,30
"B38 0BD",55,28,27,23
"B38 0BE",32,15,17,12
"B38 0BF",26,16,10,7
"B38 0BG",31,13,18,13
"B38 0BH",35,19,16,13
"B38 0BJ",58,28,30,21
"B38 0BL",108,29,79,3
"B38 0BN",8,4,4,3
"B38 0BP",6,4,2,2
"B38 0BQ",78,38,40,32
"B38 0BS",22,13,9,9
"B38 0BW",27,6,21,11
"B38 0DG",65,25,40,7
"B38 0DH",3,2,1,2
"B38 0DJ",11,7,4,5
"B38 0DN",54,34,20,21
"B38 0DP",1,0,1,1
"B38 0DS",3,1,2,2
"B38 0DT",6,3,3,3
"B38 0DU",13,5,8,7
"B38 0DX",6,2,4,2
"B38 0DY",57,30,27,21
"B38 0EA",23,13,10,11
"B38 0EB",28,15,13,12
"B38 0ED",10,6,4,3
"B38 0EE",7,2,5,4
"B38 0EG",4,1,3,2
"B38 0EH",14,6,8,5
"B38 0EJ",2,2,0,1
"B38 0EL",2,1,1,1
"B38 0EN",31,16,15,7
"B38 0EP",6,3,3,2
"B38 0HA",56,25,31,21
"B38 0HB",7,3,4,4
"B38 0HD",9,5,4,3
"B38 0HE",2,1,1,1
"B38 0HH",41,19,22,20
"B38 8AA",20,7,13,12
"B38 8AD",9,4,5,3
"B38 8AE",33,17,16,16
"B38 8AG",68,32,36,27
"B38 8AH",2,2,0,2
"B38 8AJ",34,15,19,12
"B38 8AL",7,5,2,2
"B38 8AN",34,18,16,17
"B38 8AP",15,8,7,10
"B38 8AQ",68,31,37,27
"B38 8AR",50,24,26,17
"B38 8AS",29,11,18,9
"B38 8AT",127,67,60,47
"B38 8AU",40,16,24,12
"B38 8AW",82,49,33,39
"B38 8BA",6,3,3,3
"B38 8BG",24,13,11,10
"B38 8BH",23,9,14,18
"B38 8BJ",41,23,18,15
"B38 8BL",44,25,19,12
"B38 8BN",18,9,9,6
"B38 8BP",36,18,18,11
"B38 8BS",86,41,45,26
"B38 8BT",38,20,18,18
"B38 8BU",66,32,34,24
"B38 8BX",37,19,18,14
"B38 8BY",16,7,9,5
"B38 8DA",19,9,10,10
"B38 8DB",41,20,21,9
"B38 8DD",32,14,18,9
"B38 8DE",34,18,16,11
"B38 8DF",23,12,11,8
"B38 8DP",41,13,28,16
"B38 8DQ",13,6,7,4
"B38 8DR",66,33,33,25
"B38 8DS",19,9,10,5
"B38 8DT",72,38,34,28
"B38 8DU",27,12,15,15
"B38 8DW",28,16,12,9
"B38 8DX",65,32,33,34
"B38 8DY",54,23,31,23
"B38 8EA",67,32,35,27
"B38 8EB",12,8,4,5
"B38 8ED",77,44,33,34
"B38 8EE",55,29,26,20
"B38 8EG",84,44,40,36
"B38 8EH",54,25,29,24
"B38 8EJ",16,8,8,2
"B38 8EL",38,16,22,13
"B38 8EP",50,23,27,24
"B38 8EQ",35,19,16,13
"B38 8ER",36,17,19,14
"B38 8ES",25,15,10,11
"B38 8ET",31,16,15,14
"B38 8EU",49,27,22,25
"B38 8EX",18,7,11,10
"B38 8HE",109,57,52,40
"B38 8HF",75,38,37,31
"B38 8HG",64,34,30,25
"B38 8HH",94,43,51,35
"B38 8HJ",15,7,8,6
"B38 8HP",47,24,23,21
"B38 8HQ",6,2,4,3
"B38 8HT",85,44,41,44
"B38 8HX",40,20,20,20
"B38 8HY",13,5,8,7
"B38 8HZ",141,62,79,55
"B38 8JA",33,12,21,13
"B38 8JB",22,10,12,10
"B38 8JD",16,7,9,5
"B38 8JE",46,17,29,17
"B38 8JF",67,34,33,22
"B38 8JG",22,8,14,10
"B38 8JH",46,22,24,18
"B38 8JJ",51,23,28,20
"B38 8JL",37,25,12,10
"B38 8JN",41,17,24,18
"B38 8JP",14,6,8,6
"B38 8JQ",44,18,26,16
"B38 8JR",12,6,6,6
"B38 8JS",72,36,36,37
"B38 8JT",36,15,21,21
"B38 8JW",24,19,5,0
"B38 8JX",78,37,41,28
"B38 8JY",50,28,22,19
"B38 8JZ",66,20,46,0
"B38 8LA",35,17,18,14
"B38 8LB",10,4,6,6
"B38 8LD",20,12,8,11
"B38 8LN",48,20,28,20
"B38 8LP",2,1,1,1
"B38 8LR",1,0,1,1
"B38 8LS",60,33,27,43
"B38 8LT",11,6,5,4
"B38 8LU",81,38,43,31
"B38 8LX",72,38,34,30
"B38 8LZ",24,14,10,13
"B38 8NA",89,44,45,34
"B38 8NB",46,22,24,19
"B38 8ND",39,20,19,16
"B38 8NE",29,16,13,23
"B38 8NG",57,32,25,28
"B38 8NH",97,50,47,38
"B38 8NJ",50,24,26,19
"B38 8NL",73,34,39,28
"B38 8NN",80,42,38,30
"B38 8NT",19,11,8,8
"B38 8NU",31,19,12,18
"B38 8NX",37,16,21,18
"B38 8NY",21,7,14,12
"B38 8PA",47,23,24,21
"B38 8PB",54,25,29,26
"B38 8PD",102,50,52,37
"B38 8PE",15,7,8,7
"B38 8PG",53,23,30,17
"B38 8PH",78,43,35,35
"B38 8PJ",10,6,4,4
"B38 8PL",15,8,7,7
"B38 8PN",134,58,76,44
"B38 8PP",67,36,31,24
"B38 8PR",37,20,17,12
"B38 8PS",31,20,11,14
"B38 8PT",27,15,12,8
"B38 8PW",121,63,58,49
"B38 8QA",47,22,25,38
"B38 8QB",55,26,29,42
"B38 8QD",44,21,23,18
"B38 8QE",18,8,10,6
"B38 8QG",24,12,12,9
"B38 8QP",28,10,18,20
"B38 8QR",11,4,7,4
"B38 8QS",19,11,8,7
"B38 8QT",34,15,19,21
"B38 8QU",9,5,4,9
"B38 8QX",24,13,11,9
"B38 8QY",28,23,5,24
"B38 8RA",96,44,52,39
"B38 8RB",79,34,45,27
"B38 8RD",58,28,30,25
"B38 8RE",30,14,16,11
"B38 8RG",35,18,17,14
"B38 8RH",83,46,37,48
"B38 8RL",52,24,28,21
"B38 8RN",85,43,42,32
"B38 8RU",86,27,59,55
"B38 8RX",22,10,12,13
"B38 8RY",38,15,23,19
"B38 8SA",69,29,40,23
"B38 8SB",8,6,2,4
"B38 8SD",63,31,32,35
"B38 8SJ",22,11,11,9
"B38 8SL",31,13,18,11
"B38 8SN",48,22,26,20
"B38 8SP",4,2,2,2
"B38 8SS",1,1,0,1
"B38 8SX",24,10,14,11
"B38 8TA",56,33,23,18
"B38 8TB",40,17,23,14
"B38 8TD",74,36,38,34
"B38 8TE",16,8,8,6
"B38 8TG",26,11,15,8
"B38 8TH",50,27,23,34
"B38 8TJ",32,14,18,12
"B38 8TL",29,15,14,10
"B38 8TN",28,13,15,13
"B38 8TW",76,40,36,31
"B38 8XA",104,43,61,55
"B38 8XB",28,13,15,13
"B38 8XD",78,34,44,35
"B38 8XE",27,11,16,14
"B38 8XF",82,36,46,44
"B38 8XG",38,22,16,13
"B38 8XH",44,14,30,23
"B38 8XJ",4,1,3,1
"B38 8XQ",91,47,44,37
"B38 8XS",13,6,7,9
"B38 8XT",68,30,38,42
"B38 8XU",48,21,27,25
"B38 8XX",42,24,18,25
"B38 8XY",49,21,28,23
"B38 8XZ",79,35,44,37
"B38 8YA",45,18,27,21
"B38 8YB",27,15,12,15
"B38 8YD",107,56,51,45
"B38 8YE",23,12,11,16
"B38 8YG",20,11,9,9
"B38 8YH",36,16,20,14
"B38 8YJ",87,34,53,41
"B38 8YL",39,18,21,16
"B38 8YN",51,28,23,28
"B38 8YP",49,26,23,18
"B38 8YQ",36,16,20,21
"B38 8YR",119,58,61,56
"B38 8YS",34,20,14,12
"B38 8YT",29,15,14,12
"B38 8YU",52,22,30,22
"B38 8YW",125,63,62,54
"B38 8YX",85,40,45,38
"B38 9AA",45,25,20,26
"B38 9AB",24,11,13,8
"B38 9AD",25,13,12,11
"B38 9AE",49,23,26,23
"B38 9AF",92,37,55,32
"B38 9AG",118,58,60,49
"B38 9AH",49,26,23,18
"B38 9AJ",151,74,77,54
"B38 9AL",107,53,54,40
"B38 9AN",50,24,26,20
"B38 9AP",57,28,29,22
"B38 9AQ",66,39,27,24
"B38 9AR",57,25,32,25
"B38 9AS",42,21,21,17
"B38 9BB",161,81,80,64
"B38 9BD",4,2,2,2
"B38 9BE",6,2,4,2
"B38 9BG",50,21,29,20
"B38 9BH",12,3,9,4
"B38 9BJ",30,16,14,9
"B38 9BL",52,24,28,19
"B38 9BN",46,21,25,9
"B38 9BP",62,30,32,22
"B38 9BQ",4,1,3,2
"B38 9BS",4,3,1,1
"B38 9BT",46,22,24,21
"B38 9BU",117,59,58,35
"B38 9BX",82,44,38,42
"B38 9BY",85,43,42,42
"B38 9BZ",37,11,26,20
"B38 9DA",65,25,40,37
"B38 9DB",81,37,44,41
"B38 9DD",24,11,13,8
"B38 9DF",11,2,9,4
"B38 9DG",64,31,33,36
"B38 9DH",5,3,2,1
"B38 9DJ",67,33,34,24
"B38 9DL",24,15,9,9
"B38 9DN",118,52,66,40
"B38 9DP",8,5,3,2
"B38 9DQ",12,6,6,9
"B38 9DR",2,1,1,2
"B38 9DS",7,4,3,3
"B38 9DU",40,22,18,28
"B38 9DX",101,49,52,50
"B38 9DY",54,27,27,37
"B38 9DZ",110,48,62,51
"B38 9EA",35,19,16,19
"B38 9EB",9,5,4,2
"B38 9ED",22,10,12,9
"B38 9EE",1,0,1,1
"B38 9EG",13,13,0,0
"B38 9EH",15,9,6,7
"B38 9EL",7,3,4,3
"B38 9EN",12,5,7,6
"B38 9EP",3,2,1,1
"B38 9ES",16,6,10,5
"B38 9ET",31,26,5,2
"B38 9EW",6,4,2,2
"B38 9EX",6,2,4,2
"B38 9EY",25,13,12,11
"B38 9HA",1,0,1,1
"B38 9HP",46,18,28,16
"B38 9HR",86,29,57,31
"B38 9HS",118,53,65,36
"B38 9HT",77,42,35,27
"B38 9HU",83,44,39,30
"B38 9HX",40,16,24,16
"B38 9HY",90,42,48,34
"B38 9JA",112,45,67,41
"B38 9JB",83,31,52,31
"B38 9JD",19,8,11,5
"B38 9JE",44,21,23,15
"B38 9JG",30,13,17,11
"B38 9JN",50,27,23,17
"B38 9JP",43,21,22,12
"B38 9JR",66,26,40,21
"B38 9JU",70,35,35,22
"B38 9JY",49,17,32,22
"B38 9LA",67,32,35,19
"B38 9LB",140,67,73,38
"B38 9LE",119,67,52,27
"B38 9LG",108,59,49,27
"B38 9LH",69,23,46,24
"B38 9LP",5,3,2,3
"B38 9LR",25,15,10,15
"B38 9LU",91,41,50,24
"B38 9LX",52,27,25,15
"B38 9LY",6,2,4,2
"B38 9NA",73,33,40,24
"B38 9NB",54,21,33,22
"B38 9ND",60,24,36,23
"B38 9NE",57,19,38,24
"B38 9NG",143,65,78,52
"B38 9NH",53,28,25,17
"B38 9NJ",8,8,0,7
"B38 9NN",81,46,35,41
"B38 9NY",123,67,56,63
"B38 9PA",68,33,35,37
"B38 9PB",92,39,53,51
"B38 9PD",123,55,68,43
"B38 9PE",56,24,32,31
"B38 9PG",51,28,23,25
"B38 9PH",51,24,27,29
"B38 9PL",16,7,9,6
"B38 9QA",81,39,42,34
"B38 9QB",44,29,15,17
"B38 9QD",46,16,30,29
"B38 9QF",25,13,12,10
"B38 9QG",79,43,36,29
"B38 9QH",23,10,13,9
"B38 9QJ",38,17,21,15
"B38 9QL",16,5,11,9
"B38 9QN",45,24,21,16
"B38 9QP",41,20,21,16
"B38 9QQ",38,17,21,16
"B38 9QR",61,33,28,25
"B38 9QS",47,18,29,19
"B38 9QT",43,17,26,18
"B38 9QU",41,19,22,22
"B38 9QW",70,37,33,25
"B38 9QX",39,20,19,27
"B38 9QY",50,25,25,24
"B38 9QZ",35,14,21,20
"B38 9RA",34,18,16,16
"B38 9RB",35,15,20,16
"B38 9RD",31,13,18,17
"B38 9RE",117,64,53,75
"B38 9RF",21,6,15,7
"B38 9RG",18,9,9,7
"B38 9RH",41,19,22,35
"B38 9RJ",151,69,82,62
"B38 9RL",103,48,55,51
"B38 9RN",29,11,18,21
"B38 9RP",121,57,64,58
"B38 9RQ",36,17,19,17
"B38 9RR",32,12,20,18
"B38 9RS",47,20,27,25
"B38 9RT",57,30,27,23
"B38 9RU",23,14,9,8
"B38 9RW",71,35,36,29
"B38 9RX",22,11,11,11
"B38 9RY",153,73,80,65
"B38 9RZ",113,54,59,49
"B38 9SA",167,82,85,68
"B38 9SE",17,10,7,6
"B38 9SF",45,19,26,13
"B38 9SG",96,40,56,44
"B38 9SH",113,55,58,53
"B38 9SJ",32,16,16,14
"B38 9SL",14,7,7,7
"B38 9SN",20,9,11,8
"B38 9SQ",128,62,66,50
"B38 9SW",85,37,48,43
"B38 9TA",41,21,20,18
"B38 9TB",50,22,28,20
"B38 9TD",65,23,42,29
"B38 9TE",42,17,25,18
"B38 9TF",14,5,9,10
"B38 9TG",94,39,55,40
"B38 9TH",27,15,12,9
"B38 9TL",31,14,17,9
"B38 9TN",35,18,17,14
"B38 9TP",39,21,18,23
"B38 9TQ",36,19,17,12
"B38 9TR",6,3,3,5
"B38 9TS",4,2,2,2
"B38 9TT",53,25,28,21
"B38 9TU",27,16,11,13
"B38 9TW",54,29,25,25
"B38 9TX",100,51,49,46
"B38 9TY",38,20,18,13
"B38 9TZ",67,31,36,27
"B38 9UA",83,34,49,37
"B38 9UB",33,19,14,17
"B38 9UD",36,17,19,17
"B38 9UE",22,12,10,11
"B38 9UF",28,15,13,16
"B38 9UG",87,36,51,31
"B38 9UH",8,3,5,4
"B38 9UJ",27,12,15,13
"B38 9UL",18,6,12,11
"B38 9UN",5,2,3,3
"B38 9UP",134,62,72,58
"B38 9UQ",10,5,5,4
"B38 9UR",30,13,17,12
"B38 9US",78,39,39,34
"B38 9UT",68,33,35,35
"B38 9UU",103,55,48,50
"B38 9UW",83,36,47,43
"B38 9UX",118,62,56,48
"B4  6AB",2,2,0,1
"B4  6DH",3,0,3,1
"B4  6ET",45,25,20,35
"B4  6EU",4,4,0,3
"B4  6EY",3,2,1,1
"B4  6HA",42,42,0,3
"B4  6HG",9,5,4,5
"B4  6HJ",12,11,1,0
"B4  6HL",20,15,5,6
"B4  6HU",80,54,26,58
"B4  6HW",114,62,52,73
"B4  6HZ",93,52,41,59
"B4  6JU",4,1,3,4
"B4  6LE",29,29,0,0
"B4  6LN",7,4,3,4
"B4  6NA",34,17,17,17
"B4  6NB",105,60,45,1
"B4  6NH",24,10,14,15
"B4  6NR",2,1,1,1
"B4  6RG",3,2,1,1
"B4  7AG",42,13,29,24
"B4  7AH",31,18,13,22
"B4  7AR",13,13,0,0
"B4  7AT",3,2,1,2
"B4  7AY",133,54,79,0
"B4  7BA",1,1,0,1
"B4  7DR",1077,506,571,78
"B4  7ED",2,0,2,0
"B4  7EH",22,14,8,8
"B4  7EJ",535,259,276,20
"B4  7EL",18,13,5,7
"B4  7ER",3,0,3,2
"B4  7ET",1300,647,653,0
"B4  7LJ",6,4,2,3
"B4  7LL",1,1,0,1
"B4  7LS",1,0,1,1
"B4  7RJ",497,226,271,1
"B4  7UG",4,4,0,1
"B4  7XG",4,1,3,1
"B4  7XP",9,7,2,5
"B40 1PS",4,3,1,1
"B40 1QA",5,3,2,1
"B42 1AA",2,1,1,1
"B42 1DG",3,2,1,1
"B42 1DP",3,1,2,1
"B42 1EH",72,32,40,31
"B42 1EJ",73,34,39,25
"B42 1EL",44,16,28,24
"B42 1EN",59,29,30,17
"B42 1EP",94,51,43,30
"B42 1ER",59,25,34,18
"B42 1ES",50,24,26,20
"B42 1ET",17,7,10,12
"B42 1EU",40,20,20,18
"B42 1EW",59,21,38,17
"B42 1EX",68,32,36,25
"B42 1EY",62,30,32,25
"B42 1EZ",8,6,2,7
"B42 1HB",162,87,75,45
"B42 1HE",72,32,40,25
"B42 1HF",126,62,64,50
"B42 1HG",116,63,53,44
"B42 1HH",61,30,31,22
"B42 1HJ",25,11,14,10
"B42 1HL",55,26,29,20
"B42 1HN",25,13,12,6
"B42 1HQ",119,52,67,45
"B42 1HR",88,41,47,38
"B42 1HS",66,35,31,28
"B42 1HT",38,18,20,16
"B42 1HU",53,19,34,20
"B42 1HW",28,12,16,13
"B42 1HX",108,55,53,39
"B42 1HY",118,57,61,50
"B42 1JB",85,48,37,34
"B42 1JG",60,28,32,21
"B42 1JH",80,38,42,34
"B42 1JJ",73,35,38,27
"B42 1JL",91,46,45,30
"B42 1JN",91,45,46,28
"B42 1JP",25,11,14,11
"B42 1JQ",93,45,48,39
"B42 1JR",94,44,50,41
"B42 1JS",113,49,64,42
"B42 1JT",70,33,37,27
"B42 1JU",70,34,36,27
"B42 1JW",63,34,29,24
"B42 1JX",75,30,45,28
"B42 1JY",88,45,43,40
"B42 1LA",20,8,12,10
"B42 1LF",24,14,10,21
"B42 1LG",40,22,18,14
"B42 1LH",62,29,33,25
"B42 1LJ",62,32,30,25
"B42 1LL",59,31,28,24
"B42 1LN",74,36,38,32
"B42 1LP",68,32,36,24
"B42 1LQ",54,32,22,21
"B42 1LR",53,28,25,22
"B42 1LS",26,12,14,9
"B42 1LT",24,13,11,9
"B42 1LU",3,2,1,1
"B42 1LW",92,42,50,31
"B42 1LX",90,47,43,35
"B42 1LY",139,65,74,61
"B42 1NA",104,50,54,38
"B42 1NB",42,21,21,15
"B42 1ND",57,30,27,20
"B42 1NE",133,58,75,54
"B42 1NF",84,41,43,46
"B42 1NG",111,59,52,39
"B42 1NH",53,23,30,23
"B42 1NL",55,24,31,23
"B42 1NN",9,6,3,2
"B42 1NP",1,1,0,1
"B42 1NQ",112,57,55,40
"B42 1NT",48,28,20,32
"B42 1NU",79,40,39,29
"B42 1NX",111,52,59,37
"B42 1NY",67,35,32,32
"B42 1NZ",23,9,14,7
"B42 1PA",100,51,49,33
"B42 1PB",85,38,47,26
"B42 1PD",48,16,32,14
"B42 1PE",39,18,21,16
"B42 1PG",65,28,37,25
"B42 1PH",103,55,48,42
"B42 1PJ",83,38,45,33
"B42 1PL",55,26,29,24
"B42 1PN",71,40,31,28
"B42 1PP",83,40,43,31
"B42 1PQ",70,37,33,27
"B42 1PR",85,40,45,32
"B42 1PS",57,29,28,22
"B42 1PT",63,33,30,25
"B42 1PU",86,42,44,33
"B42 1PW",98,46,52,37
"B42 1PX",80,43,37,26
"B42 1PZ",50,22,28,21
"B42 1QA",107,51,56,43
"B42 1QF",91,43,48,37
"B42 1QG",89,45,44,31
"B42 1QH",120,53,67,46
"B42 1QJ",26,17,9,7
"B42 1QL",76,35,41,32
"B42 1QN",70,31,39,34
"B42 1QP",92,40,52,36
"B42 1QR",111,55,56,37
"B42 1QS",92,45,47,30
"B42 1QT",69,32,37,27
"B42 1QU",57,29,28,24
"B42 1QW",49,25,24,17
"B42 1QX",65,43,22,25
"B42 1QY",122,53,69,46
"B42 1QZ",98,47,51,46
"B42 1RE",35,13,22,14
"B42 1RF",86,43,43,26
"B42 1RG",86,40,46,30
"B42 1RH",54,34,20,20
"B42 1RJ",94,42,52,37
"B42 1RL",30,13,17,12
"B42 1RN",166,88,78,49
"B42 1RP",99,45,54,33
"B42 1RQ",83,36,47,28
"B42 1RR",71,33,38,33
"B42 1RS",79,34,45,26
"B42 1RT",47,18,29,18
"B42 1RU",98,47,51,39
"B42 1RX",73,35,38,27
"B42 1RY",52,23,29,20
"B42 1RZ",91,39,52,30
"B42 1SH",68,35,33,20
"B42 1SJ",130,64,66,42
"B42 1SL",60,31,29,19
"B42 1SN",46,25,21,19
"B42 1SP",65,26,39,20
"B42 1SR",60,31,29,20
"B42 1SS",30,18,12,12
"B42 1ST",85,35,50,35
"B42 1SU",90,42,48,32
"B42 1SW",136,69,67,36
"B42 1SX",66,24,42,24
"B42 1SY",70,34,36,28
"B42 1TA",71,40,31,18
"B42 1TF",50,25,25,34
"B42 1TG",40,19,21,10
"B42 1TH",29,13,16,9
"B42 1TN",18,13,5,10
"B42 1TQ",19,10,9,10
"B42 1TY",29,14,15,13
"B42 1UB",106,57,49,34
"B42 1UD",171,81,90,39
"B42 1UJ",21,11,10,12
"B42 1UL",42,19,23,23
"B42 2AB",50,25,25,32
"B42 2AD",1,1,0,1
"B42 2AE",50,25,25,19
"B42 2AF",30,13,17,10
"B42 2AH",12,6,6,6
"B42 2AJ",16,8,8,6
"B42 2AL",20,7,13,7
"B42 2AN",119,56,63,47
"B42 2AQ",121,54,67,43
"B42 2AR",103,46,57,45
"B42 2AS",114,49,65,42
"B42 2AT",99,49,50,39
"B42 2AU",101,50,51,44
"B42 2AX",126,61,65,50
"B42 2AY",96,49,47,43
"B42 2BA",99,49,50,43
"B42 2BB",93,41,52,42
"B42 2BG",147,67,80,61
"B42 2BH",109,50,59,44
"B42 2BJ",98,42,56,36
"B42 2BL",115,51,64,42
"B42 2BN",75,36,39,26
"B42 2BP",44,27,17,19
"B42 2BQ",179,87,92,67
"B42 2BS",94,46,48,36
"B42 2BT",109,50,59,44
"B42 2BU",102,50,52,39
"B42 2BX",109,59,50,51
"B42 2BY",79,43,36,34
"B42 2BZ",110,56,54,42
"B42 2DE",99,44,55,43
"B42 2DG",126,69,57,46
"B42 2DH",93,43,50,32
"B42 2DJ",135,72,63,47
"B42 2DL",70,32,38,25
"B42 2DN",24,11,13,10
"B42 2DP",147,73,74,60
"B42 2DQ",98,51,47,40
"B42 2DR",83,41,42,35
"B42 2DS",101,48,53,35
"B42 2DT",130,68,62,46
"B42 2DU",109,51,58,44
"B42 2DW",101,50,51,40
"B42 2DZ",132,70,62,49
"B42 2EA",125,56,69,47
"B42 2EB",78,40,38,31
"B42 2ED",49,19,30,23
"B42 2EE",111,59,52,43
"B42 2EF",113,53,60,40
"B42 2EG",78,38,40,37
"B42 2EH",115,66,49,46
"B42 2EJ",127,54,73,51
"B42 2EL",146,67,79,50
"B42 2EP",33,20,13,10
"B42 2ET",97,60,37,46
"B42 2EW",130,63,67,53
"B42 2EX",118,63,55,62
"B42 2EY",53,25,28,16
"B42 2HF",46,23,23,19
"B42 2HG",51,28,23,19
"B42 2HH",32,11,21,13
"B42 2HJ",26,14,12,9
"B42 2HL",82,37,45,28
"B42 2HN",12,2,10,10
"B42 2HP",116,53,63,47
"B42 2HQ",32,13,19,15
"B42 2HR",66,35,31,22
"B42 2HS",61,24,37,22
"B42 2HT",78,35,43,28
"B42 2HU",79,41,38,31
"B42 2HW",27,14,13,11
"B42 2HX",31,15,16,15
"B42 2HY",37,18,19,16
"B42 2HZ",68,20,48,53
"B42 2JA",120,62,58,39
"B42 2JB",46,21,25,14
"B42 2JD",123,59,64,49
"B42 2JE",110,50,60,47
"B42 2JH",79,45,34,28
"B42 2JN",60,26,34,23
"B42 2JP",98,47,51,44
"B42 2JQ",27,14,13,7
"B42 2JR",112,55,57,41
"B42 2JS",53,22,31,22
"B42 2JT",43,10,33,43
"B42 2JU",11,7,4,3
"B42 2JW",99,50,49,39
"B42 2JX",22,11,11,11
"B42 2LA",6,5,1,4
"B42 2LB",26,15,11,9
"B42 2LE",26,19,7,20
"B42 2LF",44,21,23,25
"B42 2LG",78,43,35,31
"B42 2LH",63,30,33,23
"B42 2LJ",37,14,23,32
"B42 2LL",28,14,14,13
"B42 2LQ",42,20,22,12
"B42 2LR",3,2,1,1
"B42 2LS",103,50,53,38
"B42 2LT",63,35,28,19
"B42 2LU",90,44,46,28
"B42 2LX",96,53,43,30
"B42 2LY",53,29,24,19
"B42 2LZ",4,3,1,1
"B42 2NA",36,19,17,12
"B42 2NB",84,47,37,27
"B42 2ND",79,43,36,27
"B42 2NE",32,12,20,8
"B42 2NF",60,30,30,17
"B42 2NH",8,6,2,5
"B42 2NJ",17,5,12,8
"B42 2NL",22,8,14,11
"B42 2NN",42,19,23,14
"B42 2NP",43,20,23,15
"B42 2NR",40,20,20,15
"B42 2NS",44,21,23,14
"B42 2NT",112,56,56,46
"B42 2NU",34,20,14,15
"B42 2NX",1,1,0,1
"B42 2NY",35,19,16,14
"B42 2PA",71,35,36,29
"B42 2PB",109,57,52,41
"B42 2PD",70,34,36,27
"B42 2PE",77,39,38,36
"B42 2PF",130,59,71,51
"B42 2PG",67,29,38,27
"B42 2PH",55,26,29,22
"B42 2PJ",82,39,43,28
"B42 2PQ",114,55,59,52
"B42 2PR",103,47,56,51
"B42 2PS",51,26,25,28
"B42 2PT",12,4,8,6
"B42 2PU",79,40,39,38
"B42 2PW",46,18,28,24
"B42 2PX",40,18,22,15
"B42 2PZ",37,18,19,14
"B42 2QB",93,44,49,39
"B42 2QD",85,35,50,35
"B42 2QE",16,7,9,8
"B42 2QG",134,62,72,52
"B42 2QH",25,12,13,9
"B42 2QJ",124,64,60,46
"B42 2QL",111,56,55,41
"B42 2QN",76,38,38,29
"B42 2QP",29,13,16,12
"B42 2QR",27,16,11,15
"B42 2QS",75,34,41,31
"B42 2QT",139,72,67,50
"B42 2QU",66,28,38,43
"B42 2QW",30,14,16,13
"B42 2QY",63,32,31,27
"B42 2RA",45,24,21,22
"B42 2RB",60,31,29,30
"B42 2RD",66,26,40,30
"B42 2RG",44,19,25,21
"B42 2RH",50,25,25,28
"B42 2RJ",84,39,45,39
"B42 2RL",62,31,31,30
"B42 2RN",81,34,47,39
"B42 2RR",72,31,41,29
"B42 2RS",157,71,86,63
"B42 2RT",95,46,49,46
"B42 2RU",43,23,20,16
"B42 2RX",94,45,49,36
"B42 2RY",181,87,94,65
"B42 2RZ",177,88,89,71
"B42 2SA",47,24,23,15
"B42 2SB",31,15,16,12
"B42 2SD",16,5,11,9
"B42 2SE",21,10,11,10
"B42 2SG",139,66,73,54
"B42 2SL",59,22,37,53
"B42 2SP",23,14,9,13
"B42 2SQ",114,59,55,44
"B42 2ST",4,3,1,2
"B42 2SU",611,222,389,0
"B42 2SY",97,54,43,38
"B42 2TA",185,75,110,54
"B42 2TP",8,4,4,2
"B42 2TY",97,48,49,36
"B43 5AA",14,5,9,8
"B43 5AB",98,54,44,33
"B43 5AG",182,89,93,66
"B43 5AH",20,7,13,10
"B43 5AJ",69,34,35,26
"B43 5AL",63,29,34,19
"B43 5AN",69,31,38,30
"B43 5AP",128,64,64,46
"B43 5AQ",97,45,52,38
"B43 5AR",132,68,64,46
"B43 5AT",13,5,8,9
"B43 5AW",106,45,61,40
"B43 5AZ",20,11,9,9
"B43 5BA",105,52,53,37
"B43 5BB",19,11,8,8
"B43 5BD",93,43,50,33
"B43 5BE",8,3,5,2
"B43 5BG",27,14,13,12
"B43 5BH",35,21,14,10
"B43 5BJ",84,39,45,31
"B43 5BL",47,18,29,27
"B43 5BN",50,27,23,19
"B43 5BP",76,34,42,27
"B43 5BS",24,11,13,10
"B43 5BT",48,20,28,29
"B43 5BU",52,24,28,20
"B43 5BW",39,18,21,20
"B43 5BX",82,40,42,38
"B43 5BY",60,30,30,22
"B43 5BZ",8,6,2,3
"B43 5DA",7,4,3,3
"B43 5DB",164,81,83,62
"B43 5DG",104,48,56,44
"B43 5DH",50,26,24,18
"B43 5DJ",37,15,22,14
"B43 5DL",73,30,43,28
"B43 5DN",41,16,25,16
"B43 5DP",31,14,17,14
"B43 5DQ",101,45,56,41
"B43 5DR",47,22,25,21
"B43 5DS",81,34,47,33
"B43 5DT",78,37,41,32
"B43 5DU",46,23,23,19
"B43 5DX",82,37,45,42
"B43 5DY",43,21,22,23
"B43 5EA",54,28,26,23
"B43 5EB",29,12,17,10
"B43 5ED",45,23,22,22
"B43 5EH",98,51,47,38
"B43 5EJ",19,3,16,12
"B43 5EL",16,11,5,6
"B43 5EN",51,25,26,17
"B43 5ER",26,14,12,19
"B43 5ES",148,63,85,63
"B43 5EU",73,33,40,34
"B43 5EX",68,33,35,31
"B43 5EY",30,14,16,10
"B43 5HA",68,37,31,26
"B43 5HB",26,12,14,10
"B43 5HD",14,8,6,6
"B43 5HE",50,29,21,18
"B43 5HF",111,52,59,42
"B43 5HG",80,37,43,32
"B43 5HH",76,31,45,33
"B43 5HJ",125,67,58,44
"B43 5HL",64,30,34,25
"B43 5HN",44,20,24,20
"B43 5HP",87,40,47,34
"B43 5HR",56,24,32,25
"B43 5HS",35,19,16,15
"B43 5HT",35,14,21,10
"B43 5HU",34,19,15,15
"B43 5HX",83,45,38,37
"B43 5JD",95,45,50,42
"B43 5JE",119,56,63,47
"B43 5JF",121,54,67,45
"B43 5JG",137,70,67,47
"B43 5JH",38,15,23,29
"B43 5JJ",5,2,3,4
"B43 5JL",43,27,16,19
"B43 5JN",15,6,9,7
"B43 5JP",12,7,5,4
"B43 5JR",5,3,2,2
"B43 5JS",27,13,14,10
"B43 5JT",15,5,10,7
"B43 5JU",113,56,57,48
"B43 5JX",44,21,23,19
"B43 5JY",30,14,16,12
"B43 5JZ",18,9,9,11
"B43 5LA",5,3,2,1
"B43 5LB",39,24,15,14
"B43 5LD",29,17,12,13
"B43 5LE",87,41,46,39
"B43 5LF",12,4,8,4
"B43 5LG",86,49,37,31
"B43 5LN",103,48,55,42
"B43 5LP",42,22,20,17
"B43 5LR",55,27,28,23
"B43 5LS",21,9,12,7
"B43 5LT",45,20,25,20
"B43 5LU",48,22,26,19
"B43 5LW",82,41,41,35
"B43 5LX",99,48,51,40
"B43 5LY",84,35,49,40
"B43 5LZ",27,11,16,19
"B43 5NA",112,57,55,44
"B43 5NB",133,61,72,50
"B43 5ND",129,58,71,51
"B43 5NE",56,30,26,21
"B43 5NF",78,39,39,34
"B43 5NG",46,23,23,18
"B43 5NH",118,59,59,54
"B43 5NP",4,1,3,3
"B43 5NR",52,22,30,18
"B43 5NS",43,21,22,20
"B43 5NT",79,44,35,42
"B43 5NU",63,38,25,41
"B43 5NX",26,11,15,10
"B43 5NY",36,16,20,12
"B43 5PA",13,7,6,6
"B43 5PB",43,20,23,17
"B43 5PE",70,33,37,30
"B43 5PG",74,25,49,17
"B43 5PJ",47,21,26,16
"B43 5PN",33,13,20,13
"B43 5PQ",60,23,37,20
"B43 5PR",7,4,3,3
"B43 5PS",63,35,28,34
"B43 5PT",58,32,26,34
"B43 5PU",10,4,6,4
"B43 5PX",31,13,18,14
"B43 5PY",58,31,27,27
"B43 5QA",95,49,46,41
"B43 5QB",120,65,55,52
"B43 5QD",93,51,42,38
"B43 5QE",85,43,42,35
"B43 5QF",71,28,43,32
"B43 5QJ",21,9,12,7
"B43 5QL",70,30,40,25
"B43 5QN",83,43,40,31
"B43 5QP",50,27,23,19
"B43 5QR",24,12,12,9
"B43 5QS",53,28,25,21
"B43 5QT",47,21,26,19
"B43 5QU",39,20,19,16
"B43 5RA",102,47,55,34
"B43 5RB",147,68,79,50
"B43 5RD",43,20,23,34
"B43 5RF",9,5,4,7
"B43 5RH",82,42,40,27
"B43 5RJ",57,35,22,18
"B43 5RL",13,9,4,4
"B43 5RN",64,30,34,28
"B43 5RP",66,30,36,28
"B43 5RR",82,38,44,28
"B43 5RS",67,34,33,28
"B43 5RT",73,42,31,26
"B43 5RU",100,52,48,37
"B43 5RX",130,67,63,51
"B43 5RY",55,25,30,24
"B43 5SA",54,29,25,19
"B43 5SB",117,56,61,45
"B43 5SD",100,44,56,42
"B43 5SE",32,13,19,14
"B43 5SF",41,20,21,15
"B43 5SH",24,13,11,17
"B43 5TA",57,30,27,20
"B43 5TB",33,13,20,17
"B43 5TD",49,24,25,22
"B43 5TH",166,78,88,65
"B43 5TJ",156,72,84,60
"B43 6AA",16,7,9,8
"B43 6AB",5,2,3,5
"B43 6AD",45,25,20,16
"B43 6AF",30,15,15,16
"B43 6AG",84,44,40,31
"B43 6AH",23,11,12,13
"B43 6AJ",34,12,22,29
"B43 6AL",14,5,9,7
"B43 6AP",45,22,23,14
"B43 6AQ",15,5,10,12
"B43 6AS",40,15,25,16
"B43 6AT",58,29,29,23
"B43 6AU",20,12,8,6
"B43 6AW",12,5,7,6
"B43 6AX",51,27,24,33
"B43 6AZ",31,16,15,19
"B43 6BA",30,18,12,9
"B43 6BB",34,18,16,17
"B43 6BD",63,34,29,17
"B43 6BE",22,13,9,7
"B43 6BG",24,12,12,5
"B43 6BH",16,8,8,11
"B43 6BJ",22,13,9,18
"B43 6BL",1,0,1,1
"B43 6BN",7,4,3,5
"B43 6BP",75,33,42,36
"B43 6BQ",17,9,8,4
"B43 6BS",36,19,17,14
"B43 6BT",24,15,9,5
"B43 6BU",50,26,24,13
"B43 6BW",43,21,22,20
"B43 6BX",49,24,25,18
"B43 6BY",47,31,16,30
"B43 6BZ",90,45,45,35
"B43 6DA",22,12,10,9
"B43 6DB",70,34,36,26
"B43 6DD",38,21,17,12
"B43 6DE",44,24,20,18
"B43 6DG",29,10,19,11
"B43 6DH",86,43,43,34
"B43 6DJ",27,10,17,15
"B43 6DL",47,23,24,19
"B43 6DP",45,25,20,24
"B43 6DR",78,41,37,27
"B43 6DS",74,39,35,24
"B43 6DT",30,13,17,12
"B43 6DU",23,12,11,9
"B43 6DX",32,15,17,11
"B43 6DY",21,8,13,8
"B43 6EA",27,16,11,11
"B43 6ED",12,6,6,3
"B43 6EE",6,3,3,1
"B43 6EF",15,6,9,11
"B43 6EG",18,8,10,6
"B43 6EH",75,34,41,33
"B43 6EJ",52,23,29,22
"B43 6EL",38,20,18,11
"B43 6EN",58,27,31,27
"B43 6EP",8,3,5,4
"B43 6ER",85,34,51,36
"B43 6ES",31,15,16,18
"B43 6ET",46,20,26,27
"B43 6EU",17,8,9,12
"B43 6EW",51,25,26,25
"B43 6EX",15,8,7,9
"B43 6EY",27,14,13,14
"B43 6HA",44,18,26,22
"B43 6HB",51,20,31,25
"B43 6HD",54,23,31,17
"B43 6HE",28,13,15,10
"B43 6HF",20,8,12,7
"B43 6HG",9,4,5,4
"B43 6HL",29,13,16,24
"B43 6HN",64,33,31,22
"B43 6HP",15,6,9,11
"B43 6HQ",2,2,0,1
"B43 6HR",50,25,25,20
"B43 6HS",25,12,13,8
"B43 6HT",71,31,40,19
"B43 6HU",85,39,46,28
"B43 6HX",92,47,45,33
"B43 6HY",68,32,36,22
"B43 6JA",132,68,64,46
"B43 6JB",105,45,60,36
"B43 6JD",22,12,10,9
"B43 6JE",42,20,22,15
"B43 6JG",61,32,29,18
"B43 6JH",17,8,9,10
"B43 6JJ",58,26,32,22
"B43 6JL",24,12,12,11
"B43 6JN",115,66,49,33
"B43 6JP",89,44,45,35
"B43 6JR",51,28,23,18
"B43 6JS",18,8,10,9
"B43 6JT",72,42,30,31
"B43 6JU",98,50,48,36
"B43 6JX",40,27,13,13
"B43 6JY",18,9,9,7
"B43 6LA",55,26,29,22
"B43 6LB",79,36,43,30
"B43 6LD",82,44,38,27
"B43 6LE",14,8,6,4
"B43 6LG",106,53,53,37
"B43 6LJ",9,4,5,3
"B43 6LL",98,42,56,34
"B43 6LN",27,10,17,13
"B43 6LP",76,41,35,26
"B43 6LR",2,0,2,1
"B43 6LS",15,7,8,8
"B43 6LT",43,22,21,15
"B43 6LU",166,81,85,66
"B43 6LX",68,36,32,29
"B43 6LY",11,4,7,3
"B43 6NA",43,23,20,16
"B43 6NB",48,27,21,18
"B43 6ND",73,37,36,36
"B43 6NE",12,6,6,6
"B43 6NF",31,10,21,21
"B43 6NG",99,57,42,63
"B43 6NQ",20,9,11,12
"B43 6NR",4,2,2,1
"B43 6NS",42,22,20,15
"B43 6NT",19,11,8,9
"B43 6NU",19,9,10,11
"B43 6NW",15,8,7,5
"B43 6NX",80,39,41,32
"B43 6NY",22,13,9,15
"B43 6PA",45,24,21,16
"B43 6PB",52,23,29,16
"B43 6PD",61,31,30,20
"B43 6PE",50,27,23,15
"B43 6PF",30,11,19,22
"B43 6PG",34,14,20,16
"B43 6PH",38,16,22,13
"B43 6PL",36,18,18,13
"B43 6PN",19,9,10,9
"B43 6PP",25,12,13,8
"B43 6PS",62,32,30,23
"B43 6PT",12,7,5,5
"B43 6PU",40,19,21,14
"B43 6PX",21,10,11,7
"B43 6PY",93,50,43,33
"B43 6QA",14,6,8,5
"B43 6QB",16,8,8,6
"B43 6QD",33,16,17,15
"B43 6QE",53,22,31,15
"B43 6QG",19,8,11,7
"B43 6QH",20,11,9,4
"B43 6QJ",18,9,9,12
"B43 6QL",67,34,33,23
"B43 6QN",72,41,31,22
"B43 6QS",70,35,35,52
"B43 6QU",23,15,8,14
"B43 6QW",97,41,56,43
"B43 6RA",12,4,8,9
"B43 7AA",23,11,12,14
"B43 7AD",46,26,20,15
"B43 7AE",52,29,23,18
"B43 7AG",64,34,30,16
"B43 7AH",1,0,1,1
"B43 7AJ",5,2,3,2
"B43 7AN",4,3,1,1
"B43 7AP",59,31,28,31
"B43 7AR",93,45,48,25
"B43 7AS",76,39,37,37
"B43 7AT",51,23,28,29
"B43 7AU",94,42,52,41
"B43 7AX",112,55,57,40
"B43 7AY",92,49,43,40
"B43 7BA",45,27,18,16
"B43 7BB",7,7,0,2
"B43 7BD",37,20,17,13
"B43 7BF",42,19,23,22
"B43 7BH",33,13,20,13
"B43 7BJ",31,19,12,13
"B43 7BN",68,38,30,31
"B43 7BP",14,6,8,5
"B43 7BQ",66,21,45,42
"B43 7BS",8,4,4,4
"B43 7BT",51,22,29,24
"B43 7BU",52,25,27,19
"B43 7BW",45,22,23,18
"B43 7BX",94,50,44,36
"B43 7BY",18,10,8,6
"B43 7DA",118,62,56,40
"B43 7DB",3,1,2,3
"B43 7DD",54,22,32,22
"B43 7DE",30,14,16,10
"B43 7DF",63,32,31,27
"B43 7DG",64,33,31,28
"B43 7DH",56,34,22,20
"B43 7DJ",113,52,61,47
"B43 7DL",53,21,32,20
"B43 7DN",17,9,8,9
"B43 7DP",13,5,8,6
"B43 7DS",47,22,25,26
"B43 7DT",88,43,45,41
"B43 7DU",52,24,28,29
"B43 7DW",54,27,27,21
"B43 7DX",35,18,17,17
"B43 7DY",84,37,47,32
"B43 7EA",24,16,8,11
"B43 7EE",2,1,1,1
"B43 7EH",71,33,38,27
"B43 7EJ",71,36,35,35
"B43 7EL",123,56,67,46
"B43 7EN",52,30,22,24
"B43 7EP",77,40,37,29
"B43 7EQ",41,19,22,18
"B43 7ER",149,71,78,63
"B43 7ET",68,32,36,22
"B43 7EU",210,101,109,84
"B43 7EX",103,53,50,47
"B43 7HB",108,53,55,42
"B43 7HG",56,28,28,34
"B43 7HL",19,10,9,10
"B43 7HN",47,21,26,21
"B43 7HP",80,39,41,29
"B43 7HR",44,22,22,15
"B43 7HS",51,19,32,21
"B43 7HT",55,23,32,26
"B43 7HU",136,58,78,57
"B43 7HW",63,31,32,25
"B43 7HX",112,57,55,43
"B43 7HY",110,52,58,40
"B43 7HZ",7,2,5,4
"B43 7JA",49,25,24,16
"B43 7JB",46,25,21,20
"B43 7JD",13,8,5,5
"B43 7JE",8,5,3,5
"B43 7JG",73,33,40,28
"B43 7JH",99,45,54,34
"B43 7JJ",33,15,18,10
"B43 7JL",46,22,24,20
"B43 7JN",56,35,21,20
"B43 7JU",15,7,8,6
"B43 7JW",67,31,36,27
"B43 7JX",87,42,45,37
"B43 7JY",59,27,32,28
"B43 7LA",65,31,34,22
"B43 7LB",98,48,50,44
"B43 7LD",63,30,33,26
"B43 7LE",16,6,10,8
"B43 7LG",124,66,58,44
"B43 7LJ",100,51,49,38
"B43 7LL",45,17,28,20
"B43 7LN",37,19,18,16
"B43 7LP",48,18,30,22
"B43 7LQ",132,63,69,49
"B43 7LR",105,53,52,38
"B43 7LS",77,34,43,31
"B43 7LT",32,13,19,14
"B43 7LU",51,24,27,20
"B43 7LX",10,5,5,4
"B43 7LY",36,16,20,14
"B43 7LZ",50,25,25,15
"B43 7NF",31,12,19,11
"B43 7NH",54,25,29,21
"B43 7NL",86,36,50,49
"B43 7NN",30,15,15,12
"B43 7NP",151,72,79,61
"B43 7NR",162,71,91,69
"B43 7NS",17,8,9,9
"B43 7NT",8,3,5,8
"B43 7NU",58,31,27,24
"B43 7NW",4,3,1,3
"B43 7NX",29,13,16,14
"B43 7NY",36,16,20,16
"B43 7PA",99,45,54,38
"B43 7PB",108,51,57,41
"B43 7PD",121,60,61,51
"B43 7PE",141,73,68,50
"B43 7PG",106,53,53,42
"B43 7PN",13,6,7,6
"B43 7PP",79,36,43,29
"B43 7PQ",25,11,14,9
"B43 7PR",63,35,28,25
"B43 7PS",82,42,40,33
"B43 7PT",101,51,50,43
"B43 7PU",118,58,60,54
"B43 7PW",54,26,28,23
"B43 7PX",95,50,45,39
"B43 7PY",73,38,35,25
"B43 7QA",140,67,73,47
"B43 7QB",46,26,20,18
"B43 7QD",16,10,6,5
"B43 7QE",17,11,6,6
"B43 7QG",68,38,30,27
"B43 7QH",101,53,48,38
"B43 7QJ",93,46,47,38
"B43 7QP",7,7,0,5
"B43 7QQ",100,50,50,36
"B43 7QR",104,49,55,40
"B43 7QS",7,5,2,2
"B43 7QT",8,5,3,3
"B43 7QU",90,41,49,41
"B43 7QX",117,59,58,49
"B43 7QY",65,31,34,34
"B43 7RA",35,18,17,16
"B43 7RB",96,48,48,31
"B43 7RD",20,11,9,9
"B43 7RE",66,36,30,27
"B43 7RG",88,42,46,36
"B43 7RH",23,10,13,13
"B43 7RJ",100,51,49,41
"B43 7RL",70,27,43,33
"B43 7RN",68,29,39,32
"B43 7RS",67,35,32,26
"B43 7RT",75,34,41,33
"B43 7RU",35,18,17,14
"B43 7RX",60,29,31,22
"B43 7RY",81,41,40,28
"B43 7SA",71,37,34,31
"B43 7SB",16,11,5,6
"B43 7SE",5,3,2,4
"B43 7SG",9,4,5,3
"B43 7SH",53,26,27,21
"B43 7SJ",46,21,25,24
"B43 7SL",75,33,42,28
"B43 7SN",42,25,17,15
"B43 7SP",25,9,16,11
"B43 7SQ",60,29,31,23
"B43 7SR",18,10,8,6
"B43 7SS",76,44,32,22
"B43 7ST",77,30,47,36
"B43 7SU",91,40,51,40
"B43 7SX",11,7,4,4
"B43 7SY",59,27,32,24
"B43 7TA",38,15,23,15
"B43 7TB",26,14,12,10
"B43 7TL",85,37,48,37
"B43 7TN",3,1,2,1
"B43 7TP",17,10,7,6
"B43 7TR",127,55,72,56
"B43 7TS",78,35,43,29
"B43 7TT",20,10,10,8
"B43 7TU",30,16,14,11
"B43 7TX",62,25,37,35
"B43 7TY",60,31,29,23
"B43 7UA",30,16,14,12
"B43 7UB",93,46,47,40
"B43 7UD",41,16,25,20
"B43 7UE",79,39,40,34
"B43 7UF",2,1,1,1
"B43 7UG",71,34,37,31
"B43 7UH",53,22,31,26
"B43 7UL",33,17,16,15
"B43 7UN",110,48,62,49
"B43 7UP",28,13,15,9
"B43 7UR",20,9,11,12
"B43 7US",33,18,15,14
"B43 7UT",60,34,26,26
"B44 0AA",74,39,35,32
"B44 0AB",68,32,36,26
"B44 0AD",72,32,40,24
"B44 0AE",119,59,60,46
"B44 0AG",93,38,55,35
"B44 0AH",35,19,16,18
"B44 0AJ",33,14,19,14
"B44 0AL",57,29,28,20
"B44 0AN",59,34,25,24
"B44 0AP",40,21,19,15
"B44 0AQ",75,40,35,18
"B44 0AR",75,33,42,25
"B44 0AS",50,26,24,24
"B44 0AT",25,10,15,9
"B44 0AU",79,36,43,30
"B44 0AX",71,38,33,28
"B44 0AY",15,8,7,8
"B44 0AZ",65,28,37,25
"B44 0BA",13,7,6,11
"B44 0BG",146,71,75,45
"B44 0BH",39,21,18,10
"B44 0BJ",144,67,77,51
"B44 0BL",107,52,55,40
"B44 0BN",44,22,22,19
"B44 0BP",3,2,1,2
"B44 0BQ",127,61,66,46
"B44 0BS",10,5,5,3
"B44 0BT",25,9,16,11
"B44 0BU",84,41,43,32
"B44 0BX",88,42,46,36
"B44 0BY",47,19,28,18
"B44 0DA",71,36,35,25
"B44 0DB",54,25,29,24
"B44 0DD",55,30,25,21
"B44 0DE",81,38,43,33
"B44 0DG",115,60,55,43
"B44 0DH",61,26,35,23
"B44 0DJ",92,46,46,33
"B44 0DL",29,16,13,14
"B44 0DN",60,32,28,19
"B44 0DQ",33,20,13,14
"B44 0DT",90,40,50,35
"B44 0DU",127,67,60,46
"B44 0DW",33,16,17,11
"B44 0DY",121,44,77,54
"B44 0EA",57,26,31,19
"B44 0EB",46,19,27,18
"B44 0ED",43,22,21,20
"B44 0EE",114,52,62,42
"B44 0EF",41,20,21,14
"B44 0EG",56,26,30,20
"B44 0EH",71,32,39,28
"B44 0EJ",79,34,45,28
"B44 0EL",46,17,29,14
"B44 0EN",73,37,36,31
"B44 0EP",102,46,56,30
"B44 0EQ",64,34,30,27
"B44 0ER",178,81,97,69
"B44 0ES",65,34,31,46
"B44 0ET",78,33,45,36
"B44 0EU",59,35,24,25
"B44 0EW",87,40,47,27
"B44 0EX",14,8,6,6
"B44 0EY",74,34,40,30
"B44 0HD",14,9,5,8
"B44 0HE",49,23,26,16
"B44 0HF",94,38,56,34
"B44 0HG",4,1,3,2
"B44 0HH",46,25,21,17
"B44 0HJ",9,5,4,3
"B44 0HL",34,16,18,17
"B44 0HN",62,26,36,46
"B44 0HP",38,20,18,18
"B44 0HQ",2,0,2,1
"B44 0HR",83,32,51,42
"B44 0HS",2,0,2,2
"B44 0HT",66,30,36,43
"B44 0HU",16,10,6,9
"B44 0HW",12,6,6,7
"B44 0HY",25,13,12,9
"B44 0HZ",65,31,34,24
"B44 0JA",54,29,25,20
"B44 0JB",19,10,9,11
"B44 0JE",87,44,43,33
"B44 0JF",159,67,92,54
"B44 0JG",114,55,59,44
"B44 0JH",97,57,40,33
"B44 0JJ",43,21,22,20
"B44 0JL",25,12,13,14
"B44 0JP",42,19,23,16
"B44 0JQ",133,69,64,51
"B44 0JR",55,32,23,21
"B44 0JS",57,22,35,25
"B44 0JT",60,31,29,25
"B44 0JU",5,3,2,4
"B44 0JW",104,49,55,43
"B44 0JX",83,37,46,31
"B44 0JY",149,76,73,48
"B44 0LA",68,36,32,19
"B44 0LB",62,32,30,20
"B44 0LD",95,52,43,32
"B44 0LE",71,39,32,32
"B44 0LF",103,40,63,46
"B44 0LG",97,43,54,41
"B44 0LH",49,24,25,18
"B44 0LJ",89,47,42,30
"B44 0LL",70,36,34,34
"B44 0LN",88,47,41,38
"B44 0LP",74,31,43,31
"B44 0LR",15,8,7,5
"B44 0LS",150,83,67,58
"B44 0LT",92,46,46,34
"B44 0LU",18,8,10,10
"B44 0LW",61,28,33,27
"B44 0LX",103,55,48,39
"B44 0LY",66,29,37,22
"B44 0NA",29,13,16,12
"B44 0NB",90,46,44,30
"B44 0ND",73,33,40,29
"B44 0NE",82,38,44,34
"B44 0NF",70,34,36,22
"B44 0NG",78,34,44,29
"B44 0NH",12,6,6,5
"B44 0NN",23,13,10,7
"B44 0NP",44,24,20,13
"B44 0NR",70,38,32,24
"B44 0NS",95,46,49,37
"B44 0NT",101,52,49,39
"B44 0NU",112,53,59,38
"B44 0NX",21,8,13,9
"B44 0NY",60,25,35,21
"B44 0PA",74,33,41,32
"B44 0PB",53,22,31,18
"B44 0PD",143,65,78,55
"B44 0PE",126,55,71,47
"B44 0PF",25,8,17,9
"B44 0PG",157,72,85,56
"B44 0PH",27,9,18,11
"B44 0PJ",88,42,46,36
"B44 0PL",178,83,95,68
"B44 0PN",60,29,31,24
"B44 0PP",15,7,8,7
"B44 0PR",33,14,19,16
"B44 0PS",12,8,4,3
"B44 0PT",37,16,21,19
"B44 0PU",93,31,62,29
"B44 0PW",36,16,20,11
"B44 0PX",44,27,17,22
"B44 0PY",95,46,49,35
"B44 0PZ",76,34,42,24
"B44 0QA",81,41,40,34
"B44 0QB",50,21,29,19
"B44 0QD",109,58,51,41
"B44 0QE",90,41,49,33
"B44 0QG",63,30,33,29
"B44 0QH",67,28,39,22
"B44 0QJ",57,29,28,23
"B44 0QL",74,34,40,20
"B44 0QN",28,19,9,12
"B44 0QP",118,60,58,46
"B44 0QQ",55,29,26,22
"B44 0QR",30,17,13,12
"B44 0QS",98,46,52,39
"B44 0QT",33,17,16,15
"B44 0QU",15,7,8,5
"B44 0QX",51,19,32,24
"B44 0QY",135,65,70,60
"B44 0QZ",32,17,15,20
"B44 0RA",134,66,68,41
"B44 0RB",51,22,29,14
"B44 0RD",184,82,102,64
"B44 0RE",45,19,26,16
"B44 0RG",43,21,22,15
"B44 0RH",114,58,56,47
"B44 0RJ",121,64,57,42
"B44 0RL",87,42,45,34
"B44 0RN",38,17,21,17
"B44 0RP",32,15,17,11
"B44 0RR",79,37,42,34
"B44 0RS",38,12,26,22
"B44 0RT",92,44,48,34
"B44 0RU",115,57,58,43
"B44 0RW",56,27,29,19
"B44 0RZ",5,3,2,3
"B44 0SA",9,7,2,7
"B44 0SB",61,29,32,24
"B44 0SD",35,20,15,19
"B44 0SE",46,17,29,18
"B44 0SG",58,26,32,23
"B44 0SH",74,37,37,25
"B44 0SJ",77,32,45,30
"B44 0SL",142,64,78,46
"B44 0SN",135,65,70,51
"B44 0SP",106,52,54,37
"B44 0SR",92,42,50,31
"B44 0SS",42,22,20,19
"B44 0ST",125,54,71,47
"B44 0SU",37,14,23,14
"B44 0SW",36,13,23,12
"B44 0SX",27,11,16,11
"B44 0SY",83,39,44,28
"B44 0TA",148,74,74,50
"B44 0TB",69,27,42,26
"B44 0TD",67,31,36,32
"B44 0TE",67,35,32,30
"B44 0TF",58,25,33,21
"B44 0TG",65,30,35,21
"B44 0TH",52,28,24,21
"B44 0TJ",82,36,46,26
"B44 0TL",133,68,65,43
"B44 0TN",123,56,67,41
"B44 0TP",23,10,13,7
"B44 0TR",61,34,27,20
"B44 0TS",28,13,15,11
"B44 0TT",17,8,9,6
"B44 0TU",33,19,14,14
"B44 0TX",31,16,15,12
"B44 0TY",32,18,14,15
"B44 0UA",19,11,8,7
"B44 0UB",60,34,26,24
"B44 0UD",93,47,46,33
"B44 0UE",21,9,12,8
"B44 0UG",57,26,31,23
"B44 0UH",25,12,13,13
"B44 0UJ",72,38,34,24
"B44 0UL",172,87,85,72
"B44 0UP",112,52,60,40
"B44 0UR",88,45,43,32
"B44 0US",16,7,9,5
"B44 0UT",32,12,20,13
"B44 0UU",99,51,48,40
"B44 0UX",92,46,46,39
"B44 0UY",51,25,26,23
"B44 0XE",93,40,53,53
"B44 0XF",69,33,36,34
"B44 8AA",3,3,0,1
"B44 8AB",54,23,31,17
"B44 8AD",66,31,35,28
"B44 8AE",74,38,36,31
"B44 8AG",82,45,37,29
"B44 8AH",49,21,28,20
"B44 8AJ",78,29,49,27
"B44 8AL",84,38,46,30
"B44 8AN",85,37,48,33
"B44 8AP",40,17,23,14
"B44 8AR",78,41,37,32
"B44 8AS",88,49,39,32
"B44 8AT",77,39,38,31
"B44 8AU",89,45,44,32
"B44 8AW",84,42,42,30
"B44 8AX",49,21,28,23
"B44 8AY",64,32,32,25
"B44 8BA",39,22,17,23
"B44 8BB",42,21,21,31
"B44 8BG",81,29,52,0
"B44 8BH",49,24,25,17
"B44 8BL",44,19,25,17
"B44 8BN",62,28,34,25
"B44 8BP",10,6,4,6
"B44 8BW",3,3,0,0
"B44 8DA",45,25,20,24
"B44 8DB",30,15,15,12
"B44 8DD",59,32,27,24
"B44 8DE",20,9,11,11
"B44 8DG",34,17,17,14
"B44 8DH",36,15,21,11
"B44 8DJ",81,41,40,33
"B44 8DL",40,19,21,11
"B44 8DN",22,10,12,10
"B44 8DP",29,13,16,14
"B44 8DW",13,7,6,6
"B44 8EA",72,29,43,31
"B44 8EB",8,3,5,5
"B44 8ED",44,26,18,21
"B44 8EE",60,33,27,26
"B44 8EH",37,17,20,16
"B44 8EJ",52,28,24,19
"B44 8EL",66,32,34,26
"B44 8EN",61,25,36,25
"B44 8EP",79,39,40,31
"B44 8EQ",22,10,12,8
"B44 8ER",82,39,43,34
"B44 8ES",101,50,51,39
"B44 8ET",94,44,50,33
"B44 8EU",58,28,30,21
"B44 8EX",85,46,39,33
"B44 8EY",32,19,13,12
"B44 8HA",56,28,28,24
"B44 8HB",71,33,38,30
"B44 8HD",6,3,3,3
"B44 8HE",44,22,22,18
"B44 8HF",69,35,34,24
"B44 8HG",68,34,34,35
"B44 8HH",35,17,18,13
"B44 8HJ",23,11,12,15
"B44 8HL",10,7,3,4
"B44 8HN",25,13,12,8
"B44 8HP",99,48,51,36
"B44 8HQ",40,18,22,16
"B44 8HR",120,57,63,41
"B44 8HS",16,7,9,5
"B44 8HT",48,20,28,17
"B44 8HU",82,41,41,35
"B44 8HX",128,58,70,48
"B44 8HY",61,27,34,26
"B44 8JA",80,43,37,37
"B44 8JB",116,53,63,47
"B44 8JD",46,22,24,18
"B44 8JE",157,79,78,65
"B44 8JG",51,27,24,19
"B44 8JH",38,16,22,13
"B44 8JJ",55,31,24,19
"B44 8JL",47,23,24,14
"B44 8JP",58,29,29,28
"B44 8JQ",43,21,22,16
"B44 8JR",59,35,24,24
"B44 8JS",35,19,16,12
"B44 8JT",90,47,43,41
"B44 8JU",51,26,25,18
"B44 8JX",75,41,34,29
"B44 8JY",61,30,31,27
"B44 8LA",25,11,14,12
"B44 8LB",52,21,31,21
"B44 8LD",8,4,4,5
"B44 8LF",112,61,51,53
"B44 8LG",59,29,30,27
"B44 8LH",50,23,27,25
"B44 8LJ",42,23,19,22
"B44 8LL",50,28,22,24
"B44 8LN",53,27,26,25
"B44 8LP",62,33,29,27
"B44 8LQ",54,29,25,30
"B44 8LR",12,10,2,10
"B44 8LW",70,39,31,29
"B44 8LX",68,27,41,29
"B44 8LY",39,20,19,17
"B44 8NA",28,14,14,15
"B44 8NB",94,45,49,41
"B44 8ND",28,13,15,10
"B44 8NG",74,37,37,29
"B44 8NN",110,57,53,38
"B44 8NP",79,38,41,31
"B44 8NQ",4,1,3,2
"B44 8NR",19,10,9,7
"B44 8NS",1,1,0,1
"B44 8NT",42,19,23,26
"B44 8NX",129,59,70,51
"B44 8NY",3,1,2,2
"B44 8PE",20,12,8,14
"B44 8PG",20,8,12,18
"B44 8PL",38,18,20,13
"B44 8PN",69,36,33,30
"B44 8PP",25,16,9,15
"B44 8PQ",22,9,13,20
"B44 8PU",49,27,22,19
"B44 8PX",16,8,8,8
"B44 8QD",45,23,22,14
"B44 8QE",31,17,14,13
"B44 8QG",46,19,27,12
"B44 8QH",67,30,37,25
"B44 8QJ",73,37,36,32
"B44 8QL",31,13,18,12
"B44 8QP",37,20,17,17
"B44 8QR",52,25,27,22
"B44 8QS",49,19,30,14
"B44 8QT",61,28,33,26
"B44 8QW",37,13,24,16
"B44 8RA",2,2,0,2
"B44 8RB",88,50,38,35
"B44 8RD",29,12,17,11
"B44 8RE",72,34,38,29
"B44 8RG",42,17,25,20
"B44 8RH",38,19,19,15
"B44 8RJ",39,20,19,19
"B44 8RL",47,22,25,19
"B44 8RN",89,39,50,33
"B44 8RP",92,40,52,42
"B44 8RR",71,28,43,31
"B44 8RS",30,17,13,13
"B44 8RT",60,32,28,27
"B44 8RU",36,22,14,12
"B44 8RW",36,17,19,14
"B44 8RX",57,29,28,24
"B44 8RY",38,14,24,15
"B44 8SA",37,19,18,17
"B44 8SB",13,7,6,7
"B44 8SD",121,55,66,48
"B44 8SE",102,52,50,44
"B44 8SF",32,17,15,11
"B44 8SG",67,32,35,26
"B44 8SN",25,14,11,9
"B44 8SP",17,11,6,9
"B44 8SR",42,21,21,21
"B44 8SU",17,11,6,7
"B44 8SW",40,22,18,20
"B44 8SX",13,5,8,5
"B44 8SY",106,50,56,47
"B44 8SZ",32,16,16,14
"B44 8TA",9,4,5,5
"B44 8TD",23,13,10,10
"B44 8TE",118,56,62,43
"B44 8TG",70,33,37,27
"B44 8TH",161,84,77,62
"B44 8TJ",98,45,53,40
"B44 8TP",56,31,25,23
"B44 8TR",24,11,13,7
"B44 8TS",120,55,65,51
"B44 8TT",29,12,17,12
"B44 8TU",116,51,65,53
"B44 8TX",53,24,29,20
"B44 8TY",42,18,24,15
"B44 8UA",89,45,44,31
"B44 8UB",33,17,16,15
"B44 8UD",54,28,26,18
"B44 8UE",47,23,24,19
"B44 8UG",28,16,12,12
"B44 8UH",77,35,42,34
"B44 8UJ",61,31,30,30
"B44 8UL",108,54,54,51
"B44 8UN",78,35,43,34
"B44 8UQ",69,36,33,33
"B44 8UW",30,13,17,14
"B44 9AA",47,15,32,20
"B44 9AB",113,50,63,59
"B44 9AD",36,16,20,15
"B44 9AE",88,29,59,58
"B44 9AG",48,13,35,39
"B44 9AH",40,20,20,16
"B44 9AJ",78,40,38,31
"B44 9AL",172,78,94,63
"B44 9AN",150,71,79,55
"B44 9AP",70,23,47,25
"B44 9AR",70,32,38,29
"B44 9AS",68,31,37,26
"B44 9AT",62,26,36,32
"B44 9AX",17,8,9,10
"B44 9BA",27,14,13,11
"B44 9BB",157,77,80,52
"B44 9BD",56,27,29,24
"B44 9BE",42,21,21,20
"B44 9BG",100,46,54,43
"B44 9BH",174,83,91,61
"B44 9BJ",12,3,9,5
"B44 9BL",168,81,87,64
"B44 9BN",144,73,71,54
"B44 9BT",62,25,37,29
"B44 9BU",67,32,35,27
"B44 9BX",26,14,12,10
"B44 9BY",88,39,49,37
"B44 9DA",83,40,43,37
"B44 9DB",103,46,57,47
"B44 9DD",118,56,62,46
"B44 9DE",116,49,67,50
"B44 9DG",45,20,25,18
"B44 9DH",42,19,23,25
"B44 9DJ",65,30,35,33
"B44 9DL",69,31,38,33
"B44 9DN",93,45,48,35
"B44 9DP",78,39,39,30
"B44 9DR",50,22,28,24
"B44 9DT",27,12,15,10
"B44 9DU",29,14,15,15
"B44 9DW",28,13,15,10
"B44 9DZ",30,11,19,22
"B44 9EA",16,8,8,11
"B44 9EB",76,30,46,35
"B44 9ED",61,28,33,22
"B44 9EL",128,64,64,52
"B44 9EN",95,48,47,40
"B44 9EP",62,33,29,24
"B44 9HA",95,46,49,32
"B44 9HB",32,15,17,10
"B44 9HD",7,3,4,1
"B44 9HG",134,60,74,47
"B44 9HL",59,26,33,26
"B44 9HN",88,38,50,36
"B44 9HP",67,35,32,36
"B44 9HR",66,31,35,33
"B44 9HW",51,25,26,19
"B44 9HX",75,33,42,28
"B44 9HY",27,14,13,12
"B44 9JA",47,22,25,21
"B44 9JB",163,84,79,67
"B44 9JD",4,2,2,3
"B44 9JE",72,38,34,23
"B44 9JG",43,21,22,18
"B44 9JH",19,11,8,7
"B44 9JL",73,37,36,34
"B44 9JN",45,18,27,18
"B44 9JU",32,18,14,11
"B44 9JW",35,17,18,13
"B44 9JX",50,26,24,21
"B44 9JY",40,18,22,15
"B44 9LA",77,34,43,26
"B44 9LB",53,26,27,19
"B44 9LD",76,42,34,31
"B44 9LE",70,32,38,26
"B44 9LG",47,24,23,17
"B44 9LH",34,13,21,13
"B44 9LJ",30,18,12,13
"B44 9LL",52,23,29,18
"B44 9LN",122,53,69,43
"B44 9LP",27,10,17,13
"B44 9LQ",30,10,20,12
"B44 9LR",35,15,20,13
"B44 9LS",69,30,39,28
"B44 9LT",78,36,42,25
"B44 9LU",49,22,27,23
"B44 9LX",64,31,33,26
"B44 9LY",49,22,27,16
"B44 9NA",16,10,6,8
"B44 9NB",86,39,47,34
"B44 9ND",15,7,8,6
"B44 9NE",17,8,9,6
"B44 9NG",63,29,34,24
"B44 9NH",38,17,21,16
"B44 9NP",20,10,10,6
"B44 9NR",26,11,15,8
"B44 9NS",34,20,14,13
"B44 9NT",15,6,9,6
"B44 9NU",134,65,69,46
"B44 9NW",41,18,23,16
"B44 9NX",109,57,52,40
"B44 9NY",94,43,51,38
"B44 9PA",97,45,52,41
"B44 9PB",35,16,19,15
"B44 9PD",35,17,18,15
"B44 9PE",49,24,25,19
"B44 9PF",21,10,11,11
"B44 9PG",25,13,12,9
"B44 9PH",22,10,12,10
"B44 9PJ",67,30,37,24
"B44 9PL",76,37,39,32
"B44 9PN",43,19,24,17
"B44 9PT",65,28,37,27
"B44 9PU",84,40,44,34
"B44 9PX",32,14,18,14
"B44 9PY",77,39,38,30
"B44 9QA",84,40,44,32
"B44 9QB",42,21,21,18
"B44 9QD",77,29,48,26
"B44 9QE",81,42,39,42
"B44 9QG",58,25,33,28
"B44 9QH",77,38,39,28
"B44 9QJ",126,56,70,53
"B44 9QL",43,22,21,16
"B44 9QN",42,20,22,17
"B44 9QP",88,38,50,34
"B44 9QR",78,38,40,28
"B44 9QS",32,17,15,13
"B44 9QT",23,10,13,11
"B44 9QU",50,29,21,19
"B44 9QX",63,22,41,25
"B44 9QY",41,21,20,12
"B44 9RA",47,20,27,24
"B44 9RH",64,31,33,28
"B44 9RJ",54,28,26,23
"B44 9RL",63,35,28,24
"B44 9RN",116,57,59,41
"B44 9RP",95,45,50,36
"B44 9RR",54,30,24,23
"B44 9RS",44,24,20,16
"B44 9RT",29,14,15,8
"B44 9SA",48,23,25,19
"B44 9SB",75,39,36,27
"B44 9SD",32,17,15,13
"B44 9SH",26,13,13,11
"B44 9SJ",105,46,59,41
"B44 9SL",46,27,19,21
"B44 9SN",79,42,37,26
"B44 9SP",93,36,57,37
"B44 9SR",70,26,44,25
"B44 9SS",24,17,7,12
"B44 9ST",12,6,6,6
"B44 9SU",3,1,2,1
"B44 9TA",5,3,2,2
"B44 9TD",135,73,62,40
"B44 9TE",17,9,8,11
"B44 9TF",50,16,34,42
"B44 9TG",70,34,36,29
"B44 9TH",62,35,27,31
"B44 9TJ",26,9,17,15
"B44 9TP",38,19,19,18
"B44 9TR",25,13,12,12
"B44 9TS",59,27,32,30
"B44 9TU",70,37,33,35
"B44 9TW",107,54,53,43
"B44 9TX",87,44,43,44
"B44 9TY",17,9,8,11
"B44 9UA",106,60,46,44
"B44 9UB",21,11,10,11
"B44 9UD",84,42,42,43
"B44 9UE",18,8,10,8
"B44 9UG",61,30,31,28
"B44 9UH",15,7,8,9
"B44 9UJ",116,53,63,51
"B44 9UL",13,6,7,9
"B44 9UP",75,36,39,34
"B44 9UQ",68,30,38,33
"B44 9UR",17,10,7,15
"B44 9US",18,8,10,10
"B44 9UT",91,42,49,36
"B44 9UU",156,72,84,60
"B44 9UW",124,58,66,54
"B44 9UX",11,6,5,5
"B44 9UY",70,35,35,31
"B44 9UZ",110,58,52,40
"B45 0AJ",2,2,0,1
"B45 0AS",2,1,1,1
"B45 0AT",7,4,3,3
"B45 0AU",4,3,1,1
"B45 0BD",103,50,53,50
"B45 0BE",126,59,67,49
"B45 0BG",102,53,49,45
"B45 0BH",80,32,48,35
"B45 0BJ",122,56,66,50
"B45 0BL",76,34,42,31
"B45 0BQ",75,36,39,38
"B45 0DA",61,30,31,28
"B45 0DB",8,2,6,5
"B45 0DD",101,44,57,47
"B45 0DE",61,30,31,24
"B45 0DF",37,20,17,21
"B45 0DG",10,6,4,7
"B45 0DH",58,32,26,32
"B45 0DJ",45,19,26,20
"B45 0DL",39,24,15,15
"B45 0DN",78,28,50,34
"B45 0DP",73,37,36,23
"B45 0DQ",62,32,30,34
"B45 0DR",103,48,55,51
"B45 0DS",127,55,72,42
"B45 0DT",68,31,37,24
"B45 0DU",7,4,3,4
"B45 0DW",13,4,9,9
"B45 0EE",143,65,78,54
"B45 0EF",5,2,3,3
"B45 0EG",117,66,51,43
"B45 0EH",186,88,98,67
"B45 0EJ",46,27,19,13
"B45 0EL",82,38,44,38
"B45 0EN",109,50,59,49
"B45 0EP",52,24,28,27
"B45 0EQ",63,31,32,20
"B45 0ER",23,13,10,14
"B45 0ES",49,27,22,23
"B45 0ET",85,41,44,38
"B45 0EU",17,6,11,7
"B45 0EW",88,38,50,39
"B45 0HA",64,33,31,28
"B45 0HB",134,70,64,62
"B45 0HD",74,38,36,34
"B45 0HE",12,4,8,5
"B45 0HF",18,5,13,13
"B45 0HG",86,40,46,38
"B45 0HH",29,10,19,15
"B45 0HJ",16,9,7,7
"B45 0HL",66,34,32,25
"B45 0HN",70,35,35,26
"B45 0HP",54,20,34,35
"B45 0HQ",41,19,22,20
"B45 0HR",20,9,11,7
"B45 0HS",100,49,51,44
"B45 0HT",141,67,74,59
"B45 0HU",32,13,19,19
"B45 0HW",64,32,32,26
"B45 0HX",1,1,0,1
"B45 0HY",63,25,38,32
"B45 0HZ",51,29,22,38
"B45 0JA",51,26,25,23
"B45 0JB",104,56,48,50
"B45 0JD",14,8,6,6
"B45 0JE",96,50,46,44
"B45 0JF",34,19,15,14
"B45 0JG",85,44,41,35
"B45 0JH",14,8,6,7
"B45 0JJ",4,3,1,3
"B45 0JL",85,37,48,45
"B45 0JN",88,43,45,39
"B45 0JP",10,5,5,8
"B45 0JQ",116,59,57,47
"B45 0JR",26,14,12,18
"B45 0JS",73,37,36,31
"B45 0JT",12,5,7,7
"B45 0JU",15,7,8,6
"B45 0JW",117,52,65,46
"B45 0JX",120,61,59,50
"B45 0JY",97,41,56,39
"B45 0JZ",168,88,80,61
"B45 0LA",30,12,18,13
"B45 0LB",67,32,35,29
"B45 0LG",98,44,54,40
"B45 0LH",95,51,44,48
"B45 0LJ",61,26,35,23
"B45 0LL",45,19,26,15
"B45 0LN",39,16,23,17
"B45 0LP",58,28,30,27
"B45 0LQ",91,44,47,38
"B45 0LR",45,20,25,22
"B45 0LS",45,25,20,24
"B45 0LT",26,9,17,13
"B45 0LU",14,6,8,12
"B45 0LW",35,15,20,15
"B45 0LX",13,7,6,8
"B45 0LY",95,45,50,42
"B45 0LZ",35,18,17,19
"B45 0NA",30,17,13,15
"B45 0NB",51,25,26,18
"B45 0ND",6,2,4,4
"B45 0NE",109,59,50,48
"B45 0NF",52,24,28,17
"B45 0NG",19,9,10,9
"B45 0NH",32,20,12,23
"B45 0NJ",96,44,52,46
"B45 0NL",57,29,28,19
"B45 0NN",38,16,22,16
"B45 0NP",130,67,63,48
"B45 0NQ",79,42,37,34
"B45 0NR",4,3,1,4
"B45 0NS",47,21,26,19
"B45 0NT",71,33,38,30
"B45 0NU",69,35,34,28
"B45 0NW",51,28,23,20
"B45 0NX",22,9,13,12
"B45 0NZ",22,13,9,18
"B45 0PB",121,54,67,44
"B45 0PD",58,26,32,22
"B45 8AA",97,51,46,34
"B45 8AB",58,31,27,30
"B45 8AD",76,38,38,33
"B45 8AE",38,18,20,17
"B45 8AH",73,43,30,30
"B45 8AJ",100,53,47,37
"B45 8AL",75,35,40,29
"B45 8AN",74,33,41,28
"B45 8AP",42,24,18,18
"B45 8AQ",55,28,27,20
"B45 8AR",60,34,26,22
"B45 8AS",45,20,25,18
"B45 8BB",55,38,17,10
"B45 8BD",1,0,1,1
"B45 8BE",12,6,6,4
"B45 8BH",13,6,7,3
"B45 8BJ",17,9,8,6
"B45 8BL",5,2,3,2
"B45 8BP",5,1,4,4
"B45 8BS",2,2,0,1
"B45 8BT",88,36,52,32
"B45 8BU",45,25,20,16
"B45 8BW",6,2,4,2
"B45 8BX",2,1,1,1
"B45 8BY",11,4,7,3
"B45 8BZ",4,2,2,1
"B45 8DA",2,1,1,1
"B45 8DB",18,9,9,5
"B45 8DH",32,16,16,21
"B45 8DL",25,13,12,8
"B45 8DP",60,32,28,23
"B45 8DR",31,14,17,13
"B45 8DT",35,15,20,22
"B45 8DU",22,13,9,10
"B45 8DX",28,15,13,14
"B45 8DY",12,6,6,10
"B45 8DZ",53,21,32,20
"B45 8EA",98,43,55,39
"B45 8EB",101,54,47,42
"B45 8ED",102,49,53,44
"B45 8EE",51,30,21,22
"B45 8EG",17,9,8,8
"B45 8EH",126,62,64,50
"B45 8EJ",120,57,63,49
"B45 8EL",62,31,31,25
"B45 8EN",29,15,14,9
"B45 8EP",26,13,13,8
"B45 8EQ",6,3,3,3
"B45 8ER",115,32,83,14
"B45 8ES",84,41,43,35
"B45 8ET",80,45,35,30
"B45 8EU",69,36,33,26
"B45 8EX",40,20,20,16
"B45 8EY",16,8,8,6
"B45 8EZ",6,3,3,4
"B45 8FD",11,6,5,3
"B45 8FX",6,3,3,3
"B45 8GA",5,3,2,3
"B45 8GB",13,7,6,5
"B45 8GD",13,7,6,7
"B45 8GG",21,12,9,5
"B45 8GH",24,11,13,13
"B45 8HA",56,29,27,22
"B45 8HB",40,19,21,16
"B45 8HD",18,7,11,8
"B45 8HE",99,49,50,41
"B45 8HF",25,12,13,9
"B45 8HG",4,2,2,2
"B45 8HH",6,3,3,2
"B45 8HJ",8,2,6,3
"B45 8HL",55,26,29,20
"B45 8HN",4,2,2,3
"B45 8HP",12,6,6,4
"B45 8HQ",4,2,2,2
"B45 8HR",22,11,11,7
"B45 8HS",51,27,24,25
"B45 8HT",36,16,20,12
"B45 8HU",16,7,9,7
"B45 8HW",4,2,2,2
"B45 8HX",35,21,14,13
"B45 8HY",27,17,10,10
"B45 8HZ",23,9,14,8
"B45 8JA",44,23,21,15
"B45 8JB",22,12,10,8
"B45 8JD",17,9,8,6
"B45 8JE",51,25,26,19
"B45 8JF",41,18,23,14
"B45 8JG",7,4,3,2
"B45 8JH",5,2,3,2
"B45 8JJ",32,14,18,12
"B45 8JL",27,12,15,10
"B45 8JN",10,5,5,4
"B45 8JP",4,3,1,1
"B45 8JR",18,10,8,6
"B45 8JS",16,8,8,11
"B45 8JT",17,9,8,6
"B45 8JU",18,6,12,11
"B45 8JW",32,15,17,9
"B45 8JX",42,18,24,16
"B45 8JY",28,14,14,11
"B45 8JZ",11,6,5,4
"B45 8LA",40,17,23,18
"B45 8LB",15,8,7,8
"B45 8LD",9,4,5,4
"B45 8LE",14,8,6,8
"B45 8LF",18,10,8,8
"B45 8LG",67,29,38,24
"B45 8LH",15,9,6,8
"B45 8LJ",31,13,18,12
"B45 8LL",36,8,28,4
"B45 8LN",20,8,12,6
"B45 8LP",19,10,9,8
"B45 8LQ",50,27,23,22
"B45 8LR",59,28,31,22
"B45 8LS",14,6,8,7
"B45 8LT",27,12,15,12
"B45 8LU",40,23,17,13
"B45 8LW",14,8,6,4
"B45 8LX",72,36,36,26
"B45 8LY",65,33,32,23
"B45 8LZ",21,10,11,8
"B45 8NA",34,18,16,16
"B45 8NB",6,3,3,3
"B45 8ND",36,15,21,14
"B45 8NE",27,9,18,19
"B45 8NF",47,21,26,23
"B45 8NG",18,8,10,8
"B45 8NH",54,27,27,22
"B45 8NJ",46,17,29,26
"B45 8NL",50,29,21,30
"B45 8NP",59,26,33,24
"B45 8NQ",29,14,15,14
"B45 8NR",50,23,27,18
"B45 8NS",72,40,32,28
"B45 8NT",10,4,6,3
"B45 8NU",80,39,41,27
"B45 8NW",13,6,7,5
"B45 8NX",62,30,32,28
"B45 8NY",29,15,14,21
"B45 8NZ",58,30,28,22
"B45 8PA",11,1,10,11
"B45 8PB",16,7,9,12
"B45 8PE",95,43,52,33
"B45 8PF",9,3,6,9
"B45 8PG",45,21,24,21
"B45 8PH",49,23,26,19
"B45 8PJ",57,29,28,23
"B45 8PL",75,41,34,31
"B45 8PN",52,25,27,21
"B45 8PP",26,13,13,11
"B45 8PQ",35,20,15,14
"B45 8PR",55,25,30,20
"B45 8PS",48,25,23,16
"B45 8PT",31,18,13,11
"B45 8PU",18,8,10,6
"B45 8PX",11,7,4,4
"B45 8PY",35,16,19,13
"B45 8PZ",2,1,1,1
"B45 8QA",15,9,6,7
"B45 8QB",12,5,7,7
"B45 8QE",85,42,43,36
"B45 8QF",133,69,64,43
"B45 8QG",111,60,51,43
"B45 8QH",23,11,12,10
"B45 8QJ",120,68,52,42
"B45 8QL",68,35,33,30
"B45 8QN",67,33,34,25
"B45 8QQ",49,26,23,21
"B45 8QR",62,28,34,21
"B45 8QS",106,44,62,45
"B45 8QT",73,34,39,30
"B45 8QU",133,63,70,55
"B45 8QW",6,3,3,3
"B45 8QX",25,9,16,11
"B45 8QY",71,36,35,32
"B45 8QZ",19,10,9,7
"B45 8RA",130,65,65,52
"B45 8RB",133,61,72,49
"B45 8RD",99,51,48,42
"B45 8RE",78,37,41,35
"B45 8RF",91,49,42,34
"B45 8RG",26,13,13,12
"B45 8RH",14,6,8,10
"B45 8RJ",125,58,67,40
"B45 8RL",108,54,54,48
"B45 8RN",167,84,83,68
"B45 8RP",11,5,6,5
"B45 8RQ",113,53,60,42
"B45 8RR",41,20,21,17
"B45 8RT",10,6,4,6
"B45 8RU",78,31,47,27
"B45 8RW",23,12,11,12
"B45 8RY",65,32,33,28
"B45 8RZ",53,24,29,24
"B45 8SA",7,4,3,3
"B45 8SB",22,12,10,10
"B45 8SD",18,10,8,8
"B45 8SE",45,23,22,17
"B45 8SF",11,5,6,5
"B45 8SG",32,13,19,16
"B45 8SJ",46,25,21,19
"B45 8SL",8,3,5,5
"B45 8SN",12,5,7,7
"B45 8SP",130,66,64,60
"B45 8SR",105,50,55,43
"B45 8SS",76,34,42,32
"B45 8ST",13,6,7,8
"B45 8SX",91,46,45,36
"B45 8SY",68,24,44,30
"B45 8SZ",12,6,6,5
"B45 8TA",46,19,27,25
"B45 8TB",38,19,19,13
"B45 8TE",58,29,29,24
"B45 8TF",59,32,27,24
"B45 8TG",56,27,29,24
"B45 8TH",27,16,11,15
"B45 8TJ",36,14,22,12
"B45 8TL",52,20,32,18
"B45 8TN",27,13,14,16
"B45 8TQ",59,33,26,22
"B45 8TS",20,12,8,7
"B45 8TT",44,22,22,23
"B45 8TU",51,25,26,23
"B45 8TW",163,79,84,55
"B45 8TX",67,33,34,29
"B45 8UA",8,6,2,5
"B45 8UB",40,21,19,13
"B45 8UD",28,13,15,10
"B45 8UF",10,5,5,4
"B45 8UG",17,8,9,7
"B45 8UN",4,2,2,3
"B45 8UQ",87,41,46,33
"B45 8UR",46,21,25,16
"B45 8US",48,23,25,36
"B45 8UT",12,6,6,4
"B45 8UU",48,25,23,19
"B45 8UX",2,1,1,1
"B45 8XA",31,18,13,12
"B45 8XB",11,6,5,5
"B45 8XH",7,3,4,4
"B45 8XJ",19,12,7,7
"B45 8XL",11,5,6,4
"B45 8XR",37,15,22,18
"B45 8XS",9,5,4,4
"B45 8XT",11,6,5,4
"B45 8XU",100,49,51,60
"B45 8XX",75,37,38,43
"B45 8XY",81,41,40,65
"B45 8XZ",63,37,26,38
"B45 9AA",9,3,6,3
"B45 9AB",1,0,1,1
"B45 9AD",9,6,3,3
"B45 9AE",3,1,2,1
"B45 9AF",5,4,1,2
"B45 9AL",2,1,1,1
"B45 9AS",5,3,2,2
"B45 9AT",11,6,5,4
"B45 9AU",82,44,38,33
"B45 9AY",205,96,109,77
"B45 9BE",3,3,0,0
"B45 9BH",6,3,3,2
"B45 9BJ",67,33,34,52
"B45 9BL",33,15,18,15
"B45 9BQ",60,30,30,23
"B45 9BS",52,28,24,19
"B45 9BU",67,30,37,26
"B45 9BX",43,15,28,26
"B45 9BY",136,65,71,53
"B45 9BZ",89,38,51,39
"B45 9DA",67,33,34,28
"B45 9DB",37,20,17,12
"B45 9DD",105,52,53,41
"B45 9DE",50,26,24,19
"B45 9DF",33,17,16,16
"B45 9DG",63,27,36,25
"B45 9DH",28,14,14,13
"B45 9DJ",67,32,35,25
"B45 9DL",12,5,7,5
"B45 9DN",5,1,4,2
"B45 9DP",73,29,44,40
"B45 9DQ",44,16,28,18
"B45 9DR",19,9,10,8
"B45 9DS",13,6,7,7
"B45 9DT",60,33,27,25
"B45 9DX",35,18,17,15
"B45 9DY",67,35,32,27
"B45 9EA",70,36,34,29
"B45 9EB",93,41,52,39
"B45 9ED",74,41,33,25
"B45 9EE",36,19,17,15
"B45 9EG",22,10,12,8
"B45 9EH",73,36,37,28
"B45 9EJ",57,28,29,24
"B45 9EL",71,39,32,22
"B45 9EP",83,43,40,27
"B45 9ER",107,47,60,35
"B45 9ES",73,34,39,33
"B45 9EU",73,31,42,28
"B45 9EX",63,32,31,24
"B45 9FD",58,27,31,18
"B45 9FF",73,39,34,26
"B45 9FH",75,39,36,35
"B45 9FP",2,0,2,1
"B45 9GB",25,13,12,11
"B45 9HA",72,39,33,27
"B45 9HB",15,9,6,4
"B45 9HD",39,20,19,18
"B45 9HE",83,43,40,32
"B45 9HG",28,11,17,11
"B45 9HH",81,41,40,30
"B45 9HJ",15,8,7,7
"B45 9HL",62,28,34,22
"B45 9HN",21,13,8,8
"B45 9HP",61,26,35,25
"B45 9HQ",14,6,8,6
"B45 9HR",27,16,11,12
"B45 9HT",15,8,7,11
"B45 9HU",30,16,14,12
"B45 9HW",59,38,21,23
"B45 9HX",20,8,12,12
"B45 9HY",51,26,25,21
"B45 9HZ",13,8,5,10
"B45 9JA",60,31,29,33
"B45 9JB",9,4,5,6
"B45 9JF",27,11,16,12
"B45 9JG",98,47,51,44
"B45 9JH",2,2,0,2
"B45 9JL",19,8,11,13
"B45 9JN",1,0,1,1
"B45 9JP",22,11,11,12
"B45 9JR",17,10,7,9
"B45 9JS",4,3,1,4
"B45 9JT",6,4,2,5
"B45 9JW",12,2,10,7
"B45 9JX",37,18,19,16
"B45 9JY",2,1,1,2
"B45 9JZ",60,25,35,17
"B45 9LA",102,47,55,47
"B45 9LB",29,12,17,15
"B45 9LD",52,25,27,19
"B45 9LE",50,21,29,29
"B45 9LF",24,12,12,11
"B45 9LG",54,27,27,20
"B45 9LH",3,1,2,2
"B45 9LJ",61,31,30,24
"B45 9LL",35,22,13,17
"B45 9LN",44,20,24,18
"B45 9LP",71,34,37,33
"B45 9LQ",33,15,18,14
"B45 9LR",78,36,42,34
"B45 9LS",19,8,11,6
"B45 9LT",25,9,16,11
"B45 9LU",32,14,18,17
"B45 9LW",68,34,34,30
"B45 9LX",27,12,15,14
"B45 9LY",37,16,21,17
"B45 9LZ",62,34,28,35
"B45 9NA",128,55,73,58
"B45 9NB",30,14,16,12
"B45 9ND",28,11,17,14
"B45 9NE",18,8,10,8
"B45 9NF",23,9,14,10
"B45 9NG",13,6,7,4
"B45 9NH",70,36,34,40
"B45 9NJ",15,7,8,8
"B45 9NL",58,30,28,24
"B45 9NN",57,25,32,21
"B45 9NP",85,38,47,33
"B45 9NQ",52,25,27,25
"B45 9NR",72,36,36,32
"B45 9NS",56,26,30,22
"B45 9NT",69,33,36,28
"B45 9NU",21,9,12,8
"B45 9NW",36,20,16,10
"B45 9NX",20,9,11,7
"B45 9PA",1,1,0,1
"B45 9PB",2,1,1,1
"B45 9PD",58,32,26,26
"B45 9PE",107,56,51,43
"B45 9PF",111,57,54,39
"B45 9PG",85,37,48,31
"B45 9PH",21,10,11,8
"B45 9PJ",16,10,6,8
"B45 9PN",32,17,15,13
"B45 9PR",26,13,13,12
"B45 9PS",134,72,62,55
"B45 9PT",63,35,28,22
"B45 9PU",123,59,64,42
"B45 9PX",143,69,74,52
"B45 9PY",91,51,40,37
"B45 9QA",39,18,21,14
"B45 9QB",16,4,12,8
"B45 9QD",11,5,6,2
"B45 9QE",74,32,42,36
"B45 9QG",33,16,17,17
"B45 9QH",7,3,4,3
"B45 9QJ",17,8,9,7
"B45 9QL",5,3,2,2
"B45 9QN",5,1,4,3
"B45 9QP",67,35,32,24
"B45 9QQ",92,50,42,36
"B45 9QR",42,22,20,13
"B45 9QS",45,23,22,20
"B45 9QT",63,30,33,24
"B45 9QU",37,20,17,14
"B45 9QW",21,13,8,9
"B45 9QX",82,42,40,37
"B45 9QY",32,15,17,14
"B45 9QZ",21,9,12,11
"B45 9RA",43,26,17,18
"B45 9RB",113,51,62,42
"B45 9RD",21,8,13,11
"B45 9RE",69,36,33,23
"B45 9RF",25,11,14,12
"B45 9RG",14,7,7,8
"B45 9RH",48,23,25,21
"B45 9RL",62,28,34,22
"B45 9RN",79,38,41,32
"B45 9RP",24,18,6,16
"B45 9RQ",14,8,6,6
"B45 9RR",85,45,40,48
"B45 9RS",14,6,8,9
"B45 9RT",77,46,31,40
"B45 9RU",74,36,38,40
"B45 9RW",32,16,16,18
"B45 9RX",61,32,29,24
"B45 9RY",111,52,59,47
"B45 9SA",43,21,22,15
"B45 9SB",22,7,15,7
"B45 9SD",80,38,42,30
"B45 9SE",59,26,33,23
"B45 9SF",63,24,39,18
"B45 9SG",67,34,33,36
"B45 9SH",70,38,32,34
"B45 9SJ",15,8,7,5
"B45 9SL",2,2,0,2
"B45 9SP",96,48,48,36
"B45 9SQ",72,44,28,38
"B45 9SR",72,34,38,29
"B45 9SS",62,31,31,24
"B45 9ST",67,37,30,28
"B45 9SU",4,2,2,2
"B45 9SW",6,4,2,3
"B45 9SX",84,38,46,31
"B45 9SY",83,41,42,35
"B45 9TA",76,41,35,38
"B45 9TB",60,29,31,25
"B45 9TD",77,34,43,31
"B45 9TE",6,3,3,3
"B45 9TG",111,55,56,43
"B45 9TH",8,4,4,4
"B45 9TJ",54,26,28,26
"B45 9TL",72,38,34,23
"B45 9TN",42,23,19,15
"B45 9TP",61,31,30,27
"B45 9TR",9,6,3,4
"B45 9TS",100,48,52,39
"B45 9TT",13,7,6,9
"B45 9TU",48,23,25,25
"B45 9TW",55,27,28,22
"B45 9TX",66,31,35,27
"B45 9TY",110,48,62,70
"B45 9TZ",17,10,7,10
"B45 9UA",1,0,1,1
"B45 9UB",8,2,6,4
"B45 9UE",84,38,46,33
"B45 9UG",20,11,9,8
"B45 9UH",77,41,36,37
"B45 9UJ",113,56,57,48
"B45 9UL",51,25,26,19
"B45 9UN",99,49,50,36
"B45 9UP",103,47,56,41
"B45 9UR",120,56,64,40
"B45 9US",55,25,30,31
"B45 9UT",24,14,10,12
"B45 9UU",17,8,9,8
"B45 9UW",35,18,17,13
"B45 9UX",68,36,32,30
"B45 9UY",85,42,43,33
"B45 9WA",99,54,45,57
"B45 9WB",39,17,22,13
"B45 9WD",82,43,39,37
"B45 9WE",48,23,25,19
"B45 9WF",102,48,54,45
"B45 9WL",43,19,24,22
"B45 9XA",51,25,26,22
"B45 9XB",75,33,42,30
"B45 9XD",17,7,10,5
"B45 9XE",58,33,25,24
"B45 9XH",6,3,3,3
"B45 9XL",2,1,1,1
"B45 9XN",7,4,3,3
"B45 9XR",5,2,3,2
"B45 9XS",2,2,0,1
"B45 9XT",16,7,9,9
"B45 9XU",26,14,12,10
"B45 9XZ",6,2,4,3
"B45 9YB",71,22,49,60
"B45 9YD",35,18,17,15
"B45 9YE",10,6,4,4
"B45 9YF",60,27,33,23
"B45 9YG",21,12,9,8
"B45 9YH",20,11,9,8
"B45 9YN",112,53,59,40
"B45 9YP",107,59,48,42
"B45 9YQ",30,12,18,13
"B45 9YW",106,50,56,40
"B46 1AA",10,5,5,8
"B46 1AD",125,63,62,50
"B46 1AE",16,10,6,10
"B46 1AF",22,12,10,7
"B46 1AG",19,10,9,10
"B46 1AH",33,17,16,15
"B46 1AJ",14,6,8,6
"B46 1AS",52,26,26,31
"B46 1AU",31,15,16,16
"B46 1AX",30,17,13,16
"B46 1AY",28,14,14,14
"B46 1AZ",37,22,15,18
"B46 1BA",63,27,36,30
"B46 1BB",98,49,49,50
"B46 1BD",19,9,10,9
"B46 1BE",6,4,2,5
"B46 1BG",97,47,50,46
"B46 1BH",151,79,72,63
"B46 1BJ",84,41,43,32
"B46 1BL",75,33,42,35
"B46 1BN",84,43,41,41
"B46 1BP",33,17,16,13
"B46 1BQ",18,6,12,10
"B46 1BS",64,32,32,29
"B46 1BT",22,10,12,9
"B46 1BU",89,44,45,66
"B46 1BW",74,31,43,31
"B46 1BX",9,4,5,6
"B46 1DH",1,1,0,1
"B46 1DJ",16,7,9,6
"B46 1DN",31,15,16,10
"B46 1DP",12,7,5,4
"B46 1EE",2,0,2,1
"B46 1EG",62,34,28,29
"B46 1EH",88,45,43,40
"B46 1EJ",105,46,59,42
"B46 1EL",14,7,7,8
"B46 1EN",29,13,16,11
"B46 1EP",139,71,68,59
"B46 1EQ",41,21,20,17
"B46 1ER",17,8,9,6
"B46 1ES",131,66,65,60
"B46 1ET",92,46,46,38
"B46 1EU",69,34,35,28
"B46 1EX",42,21,21,19
"B46 1EY",56,29,27,28
"B46 1EZ",48,24,24,18
"B46 1HA",23,10,13,8
"B46 1HB",65,29,36,27
"B46 1HE",64,30,34,24
"B46 1HF",60,31,29,27
"B46 1HH",5,3,2,3
"B46 1HJ",104,50,54,51
"B46 1HL",104,51,53,33
"B46 1HN",104,49,55,35
"B46 1HQ",1,1,0,1
"B46 1HW",38,19,19,16
"B46 1HY",6,0,6,4
"B46 1JH",1,0,1,1
"B46 1LB",79,36,43,28
"B46 1LD",8,4,4,4
"B46 1LE",15,11,4,5
"B46 1LF",9,4,5,2
"B46 1LG",9,5,4,3
"B46 1LH",15,7,8,5
"B46 1LJ",7,2,5,4
"B46 1LL",27,15,12,10
"B46 1LN",26,11,15,11
"B46 1LP",6,2,4,3
"B46 1LQ",25,14,11,8
"B46 1LR",24,8,16,6
"B46 1NA",7,3,4,2
"B46 1NE",3,2,1,1
"B46 1NF",4,2,2,2
"B46 1NG",102,46,56,46
"B46 1NH",36,18,18,15
"B46 1NJ",76,40,36,35
"B46 1NL",35,17,18,21
"B46 1NN",30,10,20,16
"B46 1NP",25,11,14,12
"B46 1NQ",69,34,35,30
"B46 1NR",54,26,28,23
"B46 1NS",4,3,1,2
"B46 1NT",11,4,7,3
"B46 1NW",25,12,13,10
"B46 1NY",20,11,9,9
"B46 1PA",4,1,3,1
"B46 1PB",4,2,2,2
"B46 1PD",79,44,35,22
"B46 1PE",126,54,72,56
"B46 1PF",77,42,35,52
"B46 1PG",44,15,29,17
"B46 1PH",55,28,27,20
"B46 1PJ",50,24,26,18
"B46 1PL",4,1,3,3
"B46 1PN",34,17,17,10
"B46 1PP",31,16,15,11
"B46 1PS",21,7,14,10
"B46 1QB",16,7,9,8
"B46 1QD",48,25,23,18
"B46 1QE",78,38,40,26
"B46 1QF",51,24,27,18
"B46 1QG",29,13,16,12
"B46 1QH",53,24,29,25
"B46 1QJ",31,16,15,17
"B46 1QL",125,62,63,47
"B46 1QN",9,5,4,2
"B46 1QP",72,42,30,28
"B46 1QR",44,21,23,18
"B46 1QS",2,1,1,1
"B46 1QT",12,4,8,7
"B46 1QU",107,55,52,40
"B46 1QX",59,31,28,27
"B46 1RA",4,2,2,2
"B46 1RB",91,39,52,46
"B46 1RD",56,32,24,23
"B46 1RE",22,12,10,9
"B46 1RF",13,7,6,5
"B46 1RG",86,43,43,30
"B46 1RH",39,19,20,12
"B46 1RP",18,6,12,11
"B46 1RT",137,65,72,59
"B46 1RU",18,6,12,10
"B46 1RX",48,18,30,28
"B46 1RY",99,51,48,37
"B46 1RZ",16,10,6,9
"B46 1SA",38,18,20,14
"B46 1SB",50,28,22,17
"B46 1SD",41,19,22,11
"B46 1SG",16,8,8,8
"B46 1SH",55,32,23,30
"B46 1SJ",9,4,5,7
"B46 1SL",21,14,7,17
"B46 1SN",44,20,24,16
"B46 1SP",20,11,9,9
"B46 1SQ",25,14,11,16
"B46 1SR",8,4,4,6
"B46 1SS",5,2,3,3
"B46 1ST",21,9,12,8
"B46 1SU",11,7,4,5
"B46 1SX",38,20,18,25
"B46 1SY",48,21,27,30
"B46 1TA",48,24,24,22
"B46 1TB",10,4,6,6
"B46 1TD",11,3,8,6
"B46 1TE",42,20,22,16
"B46 1TG",7,3,4,4
"B46 1TH",143,66,77,37
"B46 1TJ",68,38,30,22
"B46 1TL",6,3,3,3
"B46 1TN",80,37,43,29
"B46 1TW",165,85,80,49
"B46 1TX",43,18,25,13
"B46 1TY",28,15,13,11
"B46 1TZ",59,27,32,22
"B46 1UB",54,28,26,17
"B46 1UD",31,14,17,12
"B46 1UE",69,37,32,23
"B46 1UF",115,56,59,39
"B46 1UG",113,53,60,65
"B46 2AA",5,3,2,1
"B46 2AB",5,2,3,2
"B46 2AE",3,1,2,1
"B46 2AF",5,3,2,2
"B46 2AG",9,3,6,4
"B46 2AH",5,3,2,2
"B46 2AJ",8,5,3,3
"B46 2AN",13,5,8,7
"B46 2AP",2,1,1,1
"B46 2AQ",2,1,1,1
"B46 2AR",50,27,23,25
"B46 2AS",19,10,9,6
"B46 2AT",73,43,30,28
"B46 2AU",55,29,26,25
"B46 2AW",61,26,35,24
"B46 2AX",21,12,9,6
"B46 2AY",2,1,1,1
"B46 2AZ",9,7,2,3
"B46 2BA",4,2,2,1
"B46 2BB",4,3,1,1
"B46 2BD",4,1,3,1
"B46 2BE",3,3,0,3
"B46 2BF",3,2,1,1
"B46 2BG",3,2,1,2
"B46 2BH",31,13,18,11
"B46 2BJ",31,13,18,16
"B46 2BY",29,14,15,11
"B46 2DA",9,2,7,4
"B46 2DB",15,7,8,4
"B46 2DD",24,14,10,16
"B46 2DE",5,3,2,2
"B46 2DG",11,4,7,2
"B46 2DH",11,4,7,4
"B46 2DJ",4,2,2,2
"B46 2DL",20,12,8,9
"B46 2DN",9,4,5,4
"B46 2DP",8,3,5,3
"B46 2DR",6,4,2,3
"B46 2DS",7,4,3,4
"B46 2DT",38,21,17,18
"B46 2DU",22,11,11,9
"B46 2DX",4,2,2,2
"B46 2DY",14,9,5,6
"B46 2DZ",2,1,1,1
"B46 2EA",17,8,9,7
"B46 2EB",11,4,7,4
"B46 2ED",2,1,1,1
"B46 2EE",10,6,4,3
"B46 2EF",10,4,6,6
"B46 2EG",18,11,7,8
"B46 2EH",69,36,33,26
"B46 2EJ",36,21,15,14
"B46 2EL",16,8,8,6
"B46 2EN",17,8,9,5
"B46 2EP",15,6,9,7
"B46 2ER",1,0,1,1
"B46 2ET",80,42,38,37
"B46 2EX",50,27,23,18
"B46 2HA",6,3,3,3
"B46 2HB",4,2,2,2
"B46 2HD",10,6,4,4
"B46 2HE",13,7,6,6
"B46 2HH",17,8,9,5
"B46 2HL",56,28,28,22
"B46 2HP",1,0,1,1
"B46 2HS",10,5,5,3
"B46 2HT",4,2,2,2
"B46 2HX",15,7,8,6
"B46 2HY",17,7,10,6
"B46 2JA",43,21,22,21
"B46 2JB",44,23,21,21
"B46 2JG",76,42,34,29
"B46 2JX",23,12,11,7
"B46 2JY",10,3,7,5
"B46 2LA",26,14,12,11
"B46 2LB",3,2,1,2
"B46 2LD",4,2,2,4
"B46 2LE",3,2,1,1
"B46 2LG",45,24,21,15
"B46 2LH",25,13,12,8
"B46 2LL",25,13,12,11
"B46 2LN",29,17,12,8
"B46 2LP",17,9,8,8
"B46 2LR",6,4,2,2
"B46 2LS",12,8,4,6
"B46 2LT",4,2,2,1
"B46 2LU",7,3,4,2
"B46 2LX",20,9,11,6
"B46 2LY",2,1,1,1
"B46 2LZ",6,1,5,5
"B46 2NA",16,7,9,5
"B46 2NB",2,1,1,1
"B46 2ND",9,4,5,2
"B46 2NG",2,1,1,1
"B46 2NH",11,4,7,3
"B46 2NJ",14,5,9,7
"B46 2NL",18,9,9,8
"B46 2NN",2,0,2,1
"B46 2NP",13,8,5,5
"B46 2NQ",39,17,22,19
"B46 2NR",7,4,3,3
"B46 2NS",4,2,2,1
"B46 2NT",8,5,3,2
"B46 2NU",25,15,10,13
"B46 2NX",8,5,3,4
"B46 2NY",12,6,6,5
"B46 2NZ",2,1,1,1
"B46 2PB",7,4,3,2
"B46 2PD",6,4,2,1
"B46 2PE",3,2,1,1
"B46 2PG",3,1,2,1
"B46 2PH",6,3,3,2
"B46 2PJ",10,6,4,4
"B46 2PL",14,7,7,6
"B46 2PN",5,3,2,2
"B46 2QA",8,4,4,5
"B46 2QB",6,4,2,2
"B46 2QD",6,4,2,3
"B46 2QE",7,5,2,3
"B46 2QF",1,1,0,1
"B46 2QH",4,2,2,2
"B46 2QJ",20,8,12,7
"B46 2QL",2,2,0,2
"B46 2QN",14,9,5,6
"B46 2QP",33,19,14,13
"B46 2QR",7,4,3,2
"B46 2QS",17,7,10,7
"B46 2QT",7,3,4,2
"B46 2QU",11,5,6,4
"B46 2QW",5,3,2,2
"B46 2QY",38,19,19,15
"B46 2RA",14,7,7,7
"B46 2RB",1,1,0,1
"B46 2RD",15,7,8,6
"B46 2RE",3,2,1,1
"B46 2RF",3,2,1,1
"B46 2RG",2,1,1,1
"B46 2RH",4,2,2,1
"B46 2RJ",10,5,5,2
"B46 2RL",4,1,3,1
"B46 2RN",6,2,4,1
"B46 2RP",14,6,8,5
"B46 2RQ",16,7,9,7
"B46 2RR",8,4,4,2
"B46 2RS",2,1,1,1
"B46 2RT",24,13,11,9
"B46 2RU",22,12,10,10
"B46 2RW",22,11,11,8
"B46 2RX",12,5,7,4
"B46 2RY",3,2,1,1
"B46 2RZ",12,7,5,4
"B46 2SA",2,1,1,1
"B46 2SB",2,1,1,1
"B46 2SD",4,2,2,2
"B46 2SE",6,2,4,1
"B46 2SG",2,1,1,1
"B46 2SH",2,0,2,1
"B46 2SJ",7,3,4,2
"B46 3AA",6,3,3,3
"B46 3AD",6,3,3,4
"B46 3AE",26,11,15,16
"B46 3AG",31,15,16,24
"B46 3AH",31,17,14,21
"B46 3AJ",58,27,31,27
"B46 3AP",14,7,7,6
"B46 3AR",8,4,4,4
"B46 3AY",13,7,6,3
"B46 3BA",14,7,7,7
"B46 3BB",22,12,10,15
"B46 3BE",21,11,10,9
"B46 3BG",6,2,4,3
"B46 3BH",12,1,11,10
"B46 3BJ",5,2,3,3
"B46 3BL",14,5,9,9
"B46 3BP",17,8,9,12
"B46 3BU",95,38,57,16
"B46 3BZ",2,2,0,2
"B46 3DA",53,24,29,18
"B46 3DG",30,12,18,13
"B46 3DH",14,7,7,5
"B46 3DJ",3,1,2,1
"B46 3DL",1,1,0,1
"B46 3DQ",18,9,9,9
"B46 3DZ",21,13,8,15
"B46 3EA",40,22,18,8
"B46 3EE",63,35,28,25
"B46 3EF",205,99,106,80
"B46 3EG",221,105,116,71
"B46 3EH",76,37,39,46
"B46 3EJ",13,7,6,4
"B46 3EL",26,14,12,11
"B46 3EN",6,3,3,2
"B46 3EP",24,11,13,17
"B46 3EQ",26,15,11,13
"B46 3ER",12,7,5,7
"B46 3ES",68,33,35,28
"B46 3ET",20,10,10,6
"B46 3EU",17,8,9,10
"B46 3EX",69,33,36,27
"B46 3EY",2,1,1,1
"B46 3EZ",46,22,24,31
"B46 3FD",9,7,2,3
"B46 3FE",1,1,0,1
"B46 3HA",111,48,63,41
"B46 3HB",11,7,4,5
"B46 3HX",5,4,1,1
"B46 3JD",2,1,1,1
"B46 3JE",6,2,4,2
"B46 3JG",15,5,10,4
"B46 3JH",5,3,2,1
"B46 3JJ",1,0,1,1
"B46 3LA",17,9,8,5
"B46 3LB",18,10,8,8
"B46 3LD",80,40,40,34
"B46 3LE",50,22,28,20
"B46 3LF",16,7,9,8
"B46 3LG",9,3,6,4
"B46 3LJ",95,43,52,41
"B46 3LL",64,18,46,16
"B46 3LN",19,8,11,8
"B46 3LP",34,15,19,16
"B46 3LR",9,5,4,8
"B46 3LS",35,19,16,31
"B46 3LT",32,16,16,16
"B46 3LU",42,23,19,16
"B46 3LX",76,36,40,40
"B46 3LY",71,35,36,32
"B46 3LZ",44,22,22,18
"B46 3NA",14,4,10,8
"B46 3NB",73,35,38,29
"B46 3ND",8,3,5,3
"B46 3NE",42,21,21,20
"B46 3NG",19,9,10,6
"B46 3NH",37,20,17,16
"B46 3NJ",10,4,6,6
"B46 3NL",53,23,30,29
"B46 3NN",22,13,9,18
"B46 3NP",34,16,18,20
"B46 3NT",31,12,19,12
"B46 3NU",28,11,17,13
"B46 3NZ",30,13,17,11
"B47 5BN",21,6,15,7
"B47 5BP",61,34,27,26
"B47 5BS",35,15,20,14
"B47 5BT",95,49,46,38
"B47 5BU",1,1,0,1
"B47 5BW",55,31,24,25
"B47 5BX",8,4,4,3
"B47 5BY",8,6,2,2
"B47 5DA",9,5,4,3
"B47 5DB",1,0,1,1
"B47 5DD",29,14,15,15
"B47 5DE",6,3,3,3
"B47 5DF",14,7,7,6
"B47 5DG",18,11,7,8
"B47 5DH",18,6,12,8
"B47 5DJ",70,30,40,32
"B47 5DL",35,17,18,12
"B47 5DN",88,43,45,48
"B47 5DP",67,39,28,25
"B47 5DQ",8,4,4,3
"B47 5DR",22,12,10,10
"B47 5DS",44,22,22,20
"B47 5DT",29,15,14,10
"B47 5DU",64,31,33,23
"B47 5DW",2,1,1,2
"B47 5DX",68,33,35,30
"B47 5DY",48,25,23,19
"B47 5EA",9,4,5,3
"B47 5EB",17,8,9,8
"B47 5ED",23,9,14,11
"B47 5EE",26,15,11,11
"B47 5EG",20,10,10,10
"B47 5EH",25,13,12,10
"B47 5EJ",15,8,7,5
"B47 5EL",35,18,17,16
"B47 5EN",61,32,29,25
"B47 5EP",43,20,23,19
"B47 5ER",60,30,30,23
"B47 5ES",18,8,10,6
"B47 5HE",39,20,19,16
"B47 5HF",18,10,8,8
"B47 5HG",15,8,7,5
"B47 5HJ",40,18,22,25
"B47 5HL",113,51,62,48
"B47 5HN",54,26,28,25
"B47 5HP",121,58,63,48
"B47 5HQ",67,31,36,31
"B47 5HR",42,16,26,15
"B47 5HS",32,16,16,11
"B47 5HT",26,12,14,8
"B47 5HU",36,14,22,15
"B47 5HX",56,25,31,36
"B47 5HY",18,7,11,11
"B47 5HZ",51,30,21,22
"B47 5JA",30,16,14,11
"B47 5JB",53,21,32,20
"B47 5JD",18,7,11,9
"B47 5JE",25,13,12,11
"B47 5JG",103,51,52,44
"B47 5JJ",44,21,23,14
"B47 5JN",104,48,56,64
"B47 5JP",94,48,46,31
"B47 5JQ",11,6,5,7
"B47 5JR",103,52,51,39
"B47 5JS",96,48,48,45
"B47 5JT",28,15,13,11
"B47 5JX",11,5,6,5
"B47 5JY",44,20,24,23
"B47 5JZ",102,51,51,42
"B47 5LA",20,9,11,12
"B47 5LB",31,16,15,13
"B47 5LD",53,26,27,25
"B47 5LE",57,31,26,22
"B47 5LG",18,10,8,13
"B47 5LH",90,47,43,40
"B47 5LJ",77,35,42,38
"B47 5LL",23,11,12,10
"B47 5LN",31,15,16,18
"B47 5LP",90,40,50,46
"B47 5LR",50,24,26,27
"B47 5LS",57,29,28,22
"B47 5LT",46,18,28,26
"B47 5LU",47,24,23,27
"B47 5NB",20,9,11,9
"B47 5ND",82,41,41,37
"B47 5NE",8,5,3,4
"B47 5NH",40,21,19,21
"B47 5NJ",41,15,26,28
"B47 5NL",14,6,8,6
"B47 5NN",25,9,16,15
"B47 5NP",2,1,1,1
"B47 5NR",126,66,60,51
"B47 5NS",39,20,19,9
"B47 5NT",38,15,23,14
"B47 5NU",33,17,16,15
"B47 5NX",61,24,37,23
"B47 5NY",43,23,20,18
"B47 5NZ",10,5,5,5
"B47 5PA",30,15,15,14
"B47 5PB",56,29,27,23
"B47 5PD",13,6,7,5
"B47 5PE",66,36,30,24
"B47 5PH",46,19,27,16
"B47 5PN",1,1,0,1
"B47 5PP",10,5,5,4
"B47 5PS",33,14,19,15
"B47 5PT",65,35,30,25
"B47 5PU",115,61,54,47
"B47 5PX",96,54,42,34
"B47 5PY",58,28,30,31
"B47 5PZ",29,16,13,10
"B47 5QA",167,77,90,75
"B47 5QB",41,19,22,19
"B47 5QD",61,29,32,25
"B47 5QE",52,25,27,24
"B47 5QF",46,23,23,17
"B47 5QG",90,47,43,35
"B47 5QH",23,10,13,13
"B47 5QJ",109,59,50,39
"B47 5QL",66,33,33,32
"B47 5QN",23,14,9,9
"B47 5QP",56,23,33,20
"B47 5QQ",105,49,56,38
"B47 5QR",43,21,22,17
"B47 5QS",75,33,42,25
"B47 5QT",114,57,57,37
"B47 5QU",18,8,10,8
"B47 5QW",80,32,48,33
"B47 5QX",210,106,104,65
"B47 5QY",3,1,2,1
"B47 5QZ",12,6,6,4
"B47 5RA",29,13,16,9
"B47 5RB",72,38,34,35
"B47 5RD",78,38,40,41
"B47 5RH",43,24,19,14
"B47 5RJ",78,36,42,30
"B47 5RL",56,24,32,23
"B47 5RW",70,27,43,33
"B47 6AA",13,6,7,7
"B47 6AB",68,33,35,35
"B47 6AD",35,20,15,11
"B47 6AE",86,42,44,27
"B47 6AF",42,25,17,17
"B47 6AG",59,28,31,22
"B47 6AJ",5,2,3,1
"B47 6AN",4,3,1,2
"B47 6AP",19,10,9,11
"B47 6AR",18,11,7,6
"B47 6AU",9,4,5,2
"B47 6BA",2,1,1,1
"B47 6BD",7,4,3,3
"B47 6BE",22,11,11,10
"B47 6BH",16,7,9,6
"B47 6BJ",7,4,3,3
"B47 6BP",2,1,1,1
"B47 6BS",22,11,11,6
"B47 6BU",86,40,46,33
"B47 6BY",59,30,29,24
"B47 6DB",7,5,2,3
"B47 6DG",1,1,0,1
"B47 6DJ",4,2,2,1
"B47 6DL",2,2,0,1
"B47 6DR",34,14,20,19
"B47 6DS",21,10,11,14
"B47 6DT",36,17,19,23
"B47 6DU",27,12,15,17
"B47 6DW",18,8,10,13
"B47 6ED",32,14,18,16
"B47 6EG",150,78,72,59
"B47 6EH",30,15,15,13
"B47 6EJ",23,12,11,8
"B47 6EL",26,11,15,14
"B47 6EN",28,14,14,11
"B47 6EP",145,63,82,59
"B47 6EQ",73,32,41,33
"B47 6ER",10,5,5,5
"B47 6ES",61,29,32,25
"B47 6ET",93,34,59,29
"B47 6EU",30,16,14,15
"B47 6EW",51,29,22,21
"B47 6EX",19,10,9,9
"B47 6EY",22,11,11,8
"B47 6HA",80,41,39,30
"B47 6HB",95,49,46,39
"B47 6HD",36,17,19,18
"B47 6HE",76,38,38,27
"B47 6HG",70,35,35,29
"B47 6HH",18,8,10,5
"B47 6HJ",37,23,14,19
"B47 6HL",10,4,6,3
"B47 6HN",39,19,20,19
"B47 6HP",19,9,10,10
"B47 6HQ",70,36,34,29
"B47 6HW",4,2,2,2
"B47 6JA",76,32,44,47
"B47 6JB",84,39,45,48
"B47 6JG",11,6,5,5
"B47 6JH",29,12,17,13
"B47 6JL",78,36,42,30
"B47 6JP",33,17,16,13
"B47 6JQ",42,22,20,12
"B47 6JR",27,15,12,12
"B47 6JX",27,12,15,10
"B47 6LD",4,2,2,2
"B47 6LE",6,3,3,3
"B47 6LG",12,5,7,3
"B47 6LH",31,16,15,13
"B47 6LJ",29,12,17,10
"B47 6LL",27,13,14,10
"B47 6LN",36,15,21,28
"B47 6LP",5,3,2,2
"B47 6LQ",5,1,4,1
"B47 6LR",33,13,20,28
"B47 6LS",33,14,19,15
"B47 6LT",68,30,38,54
"B47 6LX",74,38,36,32
"B47 6LY",37,20,17,16
"B47 6LZ",84,45,39,39
"B47 6NG",9,5,4,3
"B47 6NT",2,1,1,2
"B48 7AA",12,7,5,6
"B48 7AD",59,29,30,39
"B48 7AE",58,28,30,33
"B48 7AF",11,9,2,5
"B48 7AG",24,1,23,1
"B48 7AH",32,17,15,12
"B48 7AJ",19,11,8,6
"B48 7AL",3,3,0,0
"B48 7AN",13,8,5,5
"B48 7AP",34,18,16,13
"B48 7AR",6,4,2,1
"B48 7AS",20,7,13,1
"B48 7AT",21,15,6,6
"B48 7AX",30,12,18,11
"B48 7AY",31,16,15,14
"B48 7AZ",5,2,3,2
"B48 7BA",21,10,11,7
"B48 7BB",1,1,0,1
"B48 7BN",14,7,7,5
"B48 7BP",41,17,24,16
"B48 7BS",35,10,25,7
"B48 7BT",34,17,17,12
"B48 7BX",24,12,12,11
"B48 7BY",17,8,9,8
"B48 7DA",7,3,4,3
"B48 7DB",22,10,12,8
"B48 7DD",17,8,9,7
"B48 7DE",1,0,1,1
"B48 7DG",9,5,4,6
"B48 7DH",5,3,2,2
"B48 7DJ",46,24,22,18
"B48 7DQ",6,3,3,2
"B48 7DS",6,4,2,4
"B48 7DT",4,2,2,1
"B48 7DU",2,1,1,1
"B48 7DX",6,3,3,4
"B48 7DY",7,3,4,3
"B48 7DZ",23,13,10,11
"B48 7EA",79,65,14,14
"B48 7ED",6,3,3,3
"B48 7EE",4,3,1,1
"B48 7EG",6,2,4,2
"B48 7EH",9,4,5,3
"B48 7EL",9,5,4,4
"B48 7EN",9,3,6,3
"B48 7EP",13,6,7,3
"B48 7EQ",8,4,4,3
"B48 7ER",4,3,1,3
"B48 7ES",4,2,2,2
"B48 7ET",6,4,2,1
"B48 7EU",8,3,5,1
"B48 7EW",11,6,5,2
"B48 7EX",11,7,4,2
"B48 7EY",4,2,2,1
"B48 7HA",8,3,5,4
"B48 7HB",10,6,4,5
"B48 7HD",17,10,7,6
"B48 7HE",18,10,8,7
"B48 7HF",27,12,15,11
"B48 7HG",24,11,13,9
"B48 7HH",10,6,4,2
"B48 7HJ",15,7,8,4
"B48 7HL",22,11,11,7
"B48 7HN",8,4,4,4
"B48 7HP",18,12,6,7
"B48 7HR",11,7,4,4
"B48 7HS",4,2,2,2
"B48 7HT",40,17,23,17
"B48 7HU",9,5,4,4
"B48 7HX",9,6,3,6
"B48 7HY",2,1,1,1
"B48 7HZ",4,1,3,4
"B48 7JB",7,4,3,2
"B48 7JD",4,3,1,1
"B48 7JG",7,4,3,4
"B48 7JH",6,2,4,2
"B48 7JJ",5,2,3,3
"B48 7JL",1,1,0,1
"B48 7JN",7,4,3,2
"B48 7JX",41,19,22,24
"B48 7JY",49,25,24,22
"B48 7LA",14,6,8,11
"B48 7LD",8,3,5,4
"B48 7LF",42,23,19,21
"B48 7LG",27,10,17,16
"B48 7LH",47,22,25,19
"B48 7LL",36,17,19,16
"B48 7LN",61,32,29,21
"B48 7LP",51,28,23,16
"B48 7LR",70,34,36,29
"B48 7LS",65,27,38,33
"B48 7LT",8,3,5,5
"B48 7LU",17,9,8,7
"B48 7LW",29,14,15,15
"B48 7LX",55,23,32,29
"B48 7LY",54,23,31,25
"B48 7LZ",48,25,23,22
"B48 7NA",65,33,32,27
"B48 7NB",105,52,53,41
"B48 7ND",50,24,26,20
"B48 7NE",63,33,30,28
"B48 7NF",71,29,42,23
"B48 7NG",94,51,43,51
"B48 7NJ",36,17,19,17
"B48 7NL",41,22,19,15
"B48 7NN",126,53,73,50
"B48 7NP",65,28,37,28
"B48 7NQ",37,12,25,13
"B48 7NR",55,28,27,21
"B48 7NS",30,15,15,13
"B48 7NT",22,8,14,10
"B48 7NU",19,10,9,8
"B48 7NW",41,19,22,14
"B48 7NX",26,11,15,10
"B48 7NY",60,29,31,25
"B48 7NZ",22,12,10,9
"B48 7PA",43,23,20,20
"B48 7PB",116,57,59,53
"B48 7PD",22,9,13,11
"B48 7PE",95,43,52,40
"B48 7PF",9,4,5,5
"B48 7PG",30,13,17,14
"B48 7PH",39,19,20,23
"B48 7PJ",33,15,18,12
"B48 7PL",42,17,25,18
"B48 7PN",5,2,3,2
"B48 7PP",12,4,8,6
"B48 7PR",19,9,10,7
"B48 7PS",152,60,92,54
"B48 7PT",28,11,17,17
"B48 7PU",54,25,29,27
"B48 7PX",30,11,19,16
"B48 7PY",25,12,13,9
"B48 7PZ",49,22,27,19
"B48 7QA",30,17,13,9
"B48 7QD",6,2,4,2
"B48 7QE",70,33,37,29
"B48 7QF",28,14,14,12
"B48 7QG",37,15,22,16
"B48 7QH",21,11,10,8
"B48 7QJ",30,15,15,12
"B48 7QL",30,15,15,12
"B48 7QN",38,20,18,13
"B48 7QP",34,18,16,14
"B48 7QR",18,8,10,8
"B48 7QS",50,25,25,17
"B48 7QT",5,4,1,2
"B48 7QU",27,17,10,9
"B48 7QY",6,3,3,2
"B48 7QZ",17,9,8,8
"B48 7RA",3,2,1,2
"B48 7RB",8,5,3,2
"B48 7RD",21,11,10,10
"B48 7RE",58,30,28,29
"B48 7RF",14,4,10,7
"B48 7RG",76,36,40,36
"B48 7RJ",15,6,9,6
"B48 7RL",16,6,10,6
"B48 7RP",61,31,30,24
"B48 7RR",66,39,27,23
"B48 7RS",79,35,44,30
"B48 7RT",7,4,3,3
"B48 7RU",3,1,2,2
"B48 7RX",21,13,8,9
"B48 7RY",61,34,27,25
"B48 7RZ",32,21,11,12
"B48 7SA",50,23,27,17
"B48 7SB",77,29,48,14
"B48 7SD",82,41,41,34
"B48 7SE",16,6,10,12
"B48 7SF",18,11,7,9
"B48 7SQ",8,5,3,6
"B48 7SS",2,1,1,1
"B48 7ST",11,5,6,2
"B48 7SU",14,8,6,5
"B48 7SW",66,26,40,20
"B48 7SX",12,6,6,4
"B48 7SY",4,2,2,2
"B48 7SZ",11,5,6,5
"B48 7TA",59,29,30,17
"B48 7TB",74,35,39,29
"B48 7TD",87,44,43,33
"B48 7TE",1,0,1,1
"B48 7TG",1,1,0,1
"B48 7TJ",24,10,14,11
"B48 7TL",77,41,36,24
"B48 7TN",12,8,4,3
"B48 7TP",34,17,17,12
"B48 7TQ",36,12,24,6
"B48 7TR",34,15,19,12
"B48 7TS",46,23,23,18
"B48 7TT",42,21,21,15
"B48 7TW",7,3,4,4
"B48 7UA",29,13,16,22
"B49 5AB",21,11,10,11
"B49 5AD",22,14,8,17
"B49 5AE",31,16,15,18
"B49 5AF",33,15,18,14
"B49 5AH",18,7,11,9
"B49 5AJ",25,13,12,15
"B49 5AL",23,10,13,10
"B49 5AP",4,2,2,3
"B49 5AR",7,3,4,5
"B49 5AS",21,11,10,10
"B49 5AT",14,6,8,6
"B49 5AU",27,10,17,17
"B49 5AX",1,1,0,1
"B49 5AY",59,34,25,40
"B49 5AZ",25,12,13,16
"B49 5BA",67,29,38,34
"B49 5BB",67,28,39,33
"B49 5BD",3,1,2,3
"B49 5BH",7,3,4,3
"B49 5BJ",56,29,27,22
"B49 5BL",102,55,47,46
"B49 5BP",18,9,9,6
"B49 5BS",16,8,8,8
"B49 5BT",67,28,39,34
"B49 5BU",57,23,34,28
"B49 5BW",11,6,5,6
"B49 5BX",9,5,4,4
"B49 5BY",18,8,10,10
"B49 5DA",59,33,26,32
"B49 5DB",8,4,4,5
"B49 5DD",66,36,30,30
"B49 5DE",30,13,17,11
"B49 5DF",66,26,40,28
"B49 5DH",8,4,4,6
"B49 5DJ",34,12,22,27
"B49 5DL",10,6,4,7
"B49 5DN",14,7,7,10
"B49 5DP",35,17,18,16
"B49 5DQ",46,23,23,25
"B49 5DR",7,3,4,4
"B49 5DS",32,14,18,13
"B49 5DU",49,20,29,26
"B49 5DW",52,25,27,22
"B49 5DX",20,11,9,11
"B49 5DY",12,7,5,7
"B49 5EA",46,23,23,20
"B49 5EB",8,1,7,6
"B49 5EE",50,18,32,20
"B49 5EF",75,38,37,25
"B49 5EG",25,13,12,13
"B49 5EH",75,33,42,34
"B49 5EJ",48,24,24,21
"B49 5EL",39,24,15,18
"B49 5EP",33,19,14,13
"B49 5ER",8,5,3,5
"B49 5ES",13,8,5,8
"B49 5ET",115,50,65,41
"B49 5EU",11,6,5,6
"B49 5EW",13,7,6,8
"B49 5EX",39,17,22,16
"B49 5EY",30,16,14,12
"B49 5HA",68,35,33,32
"B49 5HB",82,41,41,33
"B49 5HD",83,40,43,29
"B49 5HH",63,31,32,30
"B49 5HJ",45,24,21,25
"B49 5HL",5,3,2,3
"B49 5HN",57,28,29,24
"B49 5HP",3,2,1,2
"B49 5HR",19,7,12,7
"B49 5HS",6,3,3,3
"B49 5HT",16,11,5,6
"B49 5HU",4,2,2,2
"B49 5HW",10,4,6,4
"B49 5HX",26,13,13,11
"B49 5HY",12,6,6,5
"B49 5HZ",11,8,3,4
"B49 5JA",11,5,6,6
"B49 5JG",5,4,1,1
"B49 5JH",12,6,6,4
"B49 5JJ",14,8,6,6
"B49 5JL",2,1,1,1
"B49 5JN",4,2,2,2
"B49 5JQ",9,5,4,4
"B49 5JR",16,9,7,5
"B49 5JS",57,23,34,23
"B49 5JT",35,14,21,15
"B49 5JU",19,12,7,8
"B49 5JW",5,3,2,1
"B49 5JX",37,19,18,16
"B49 5JY",84,44,40,43
"B49 5JZ",8,4,4,2
"B49 5LA",12,7,5,4
"B49 5LB",7,2,5,3
"B49 5LD",11,4,7,5
"B49 5LG",2,2,0,1
"B49 5LH",119,63,56,51
"B49 5LJ",28,11,17,12
"B49 5LL",22,10,12,8
"B49 5LN",8,5,3,2
"B49 5LP",5,2,3,2
"B49 5LQ",17,7,10,9
"B49 5LR",6,3,3,2
"B49 5LS",18,8,10,7
"B49 5LT",2,1,1,1
"B49 5LU",33,17,16,12
"B49 5LW",14,7,7,6
"B49 5LX",30,16,14,10
"B49 5LY",6,3,3,2
"B49 5LZ",12,7,5,4
"B49 5NA",16,8,8,7
"B49 5NB",13,6,7,5
"B49 5ND",6,3,3,3
"B49 5NH",4,2,2,3
"B49 5NJ",3,3,0,3
"B49 5NL",4,2,2,2
"B49 5NN",8,7,1,3
"B49 5NP",4,2,2,3
"B49 5NT",28,15,13,12
"B49 5NU",16,7,9,7
"B49 5NW",12,6,6,6
"B49 5NX",46,25,21,20
"B49 5NY",35,18,17,15
"B49 5NZ",5,3,2,3
"B49 5PA",16,11,5,3
"B49 5PD",5,2,3,1
"B49 5PH",11,5,6,6
"B49 5PJ",48,24,24,23
"B49 5PN",27,15,12,11
"B49 5PP",6,3,3,3
"B49 5PR",14,6,8,6
"B49 5PS",2,1,1,1
"B49 5PT",7,2,5,3
"B49 5PU",1,1,0,1
"B49 5PW",8,5,3,4
"B49 5PX",7,4,3,3
"B49 5QA",1,1,0,1
"B49 5QB",25,13,12,8
"B49 5QD",56,27,29,20
"B49 5QE",73,38,35,26
"B49 5QF",43,28,15,15
"B49 5QG",8,6,2,6
"B49 5QJ",17,9,8,6
"B49 5QN",77,34,43,26
"B49 5QP",12,4,8,4
"B49 5QQ",16,9,7,3
"B49 5QR",81,38,43,67
"B49 5QT",20,8,12,11
"B49 5QU",17,9,8,10
"B49 5QW",57,32,25,21
"B49 5QX",51,26,25,29
"B49 5QY",39,18,21,16
"B49 5RA",22,6,16,19
"B49 5RB",66,34,32,32
"B49 6AA",15,6,9,7
"B49 6AD",2,1,1,1
"B49 6AE",43,21,22,18
"B49 6AF",32,13,19,13
"B49 6AG",30,12,18,14
"B49 6AH",17,7,10,16
"B49 6AJ",121,60,61,44
"B49 6AL",24,12,12,9
"B49 6AN",120,63,57,42
"B49 6AP",27,11,16,15
"B49 6AQ",93,42,51,59
"B49 6AR",120,57,63,38
"B49 6AS",32,14,18,14
"B49 6AT",2,1,1,1
"B49 6AU",118,55,63,41
"B49 6AW",61,29,32,24
"B49 6AX",16,6,10,10
"B49 6AY",29,17,12,14
"B49 6AZ",46,21,25,18
"B49 6BA",109,51,58,43
"B49 6BB",109,52,57,50
"B49 6BD",34,19,15,14
"B49 6BE",154,77,77,57
"B49 6BG",26,14,12,10
"B49 6BH",96,45,51,34
"B49 6BJ",75,38,37,42
"B49 6BL",81,43,38,43
"B49 6BN",80,33,47,34
"B49 6BQ",81,40,41,35
"B49 6BS",16,10,6,5
"B49 6BT",8,5,3,4
"B49 6BU",3,2,1,2
"B49 6BW",65,23,42,42
"B49 6BX",21,11,10,7
"B49 6DA",66,32,34,28
"B49 6DB",27,13,14,17
"B49 6DD",7,3,4,4
"B49 6DE",22,13,9,13
"B49 6DF",28,12,16,15
"B49 6DG",22,11,11,8
"B49 6DH",6,3,3,2
"B49 6DJ",6,3,3,1
"B49 6DL",10,6,4,3
"B49 6DN",12,6,6,6
"B49 6DP",25,11,14,9
"B49 6DQ",8,4,4,4
"B49 6DR",56,30,26,24
"B49 6DS",66,32,34,25
"B49 6DT",14,6,8,5
"B49 6DU",13,8,5,5
"B49 6DY",23,11,12,9
"B49 6EA",108,51,57,47
"B49 6EB",8,5,3,2
"B49 6EE",57,31,26,31
"B49 6EF",57,32,25,32
"B49 6EG",36,18,18,23
"B49 6EQ",28,11,17,14
"B49 6HA",10,4,6,4
"B49 6HB",21,11,10,8
"B49 6HE",14,7,7,10
"B49 6HG",6,3,3,2
"B49 6HH",18,7,11,6
"B49 6HJ",37,17,20,16
"B49 6HL",19,8,11,8
"B49 6HP",2,1,1,1
"B49 6HQ",106,52,54,41
"B49 6HR",26,13,13,11
"B49 6HS",56,30,26,24
"B49 6HX",79,38,41,35
"B49 6HY",16,8,8,7
"B49 6HZ",16,8,8,7
"B49 6JA",22,13,9,9
"B49 6JB",5,3,2,3
"B49 6JD",14,6,8,5
"B49 6JE",2,1,1,1
"B49 6JF",5,3,2,1
"B49 6JH",17,8,9,7
"B49 6JJ",9,5,4,2
"B49 6JL",2,1,1,1
"B49 6JN",15,5,10,6
"B49 6JP",4,2,2,1
"B49 6JR",16,9,7,5
"B49 6JS",18,9,9,7
"B49 6JT",7,4,3,3
"B49 6JU",5,3,2,3
"B49 6JW",35,15,20,16
"B49 6JX",3,1,2,1
"B49 6JY",88,45,43,35
"B49 6JZ",34,18,16,14
"B49 6LA",49,25,24,16
"B49 6LB",81,39,42,32
"B49 6LD",86,47,39,44
"B49 6LE",2,1,1,1
"B49 6LF",15,5,10,10
"B49 6LG",31,16,15,13
"B49 6LH",3,1,2,2
"B49 6LJ",8,4,4,3
"B49 6LL",94,47,47,68
"B49 6LN",94,34,60,2
"B49 6LP",4,1,3,1
"B49 6LQ",14,7,7,7
"B49 6LR",2,1,1,1
"B49 6LS",5,4,1,1
"B49 6LT",2,0,2,1
"B49 6LU",42,22,20,23
"B49 6LW",5,1,4,1
"B49 6LX",69,34,35,27
"B49 6LY",17,8,9,8
"B49 6LZ",22,10,12,9
"B49 6NA",2,1,1,1
"B49 6NB",2,1,1,1
"B49 6ND",3,2,1,1
"B49 6NE",6,5,1,5
"B49 6NF",10,6,4,4
"B49 6NG",9,4,5,3
"B49 6NH",11,5,6,3
"B49 6NL",10,5,5,4
"B49 6NQ",12,7,5,3
"B49 6NR",9,5,4,3
"B49 6NS",53,24,29,19
"B49 6NT",6,3,3,3
"B49 6NU",36,18,18,16
"B49 6NW",2,1,1,1
"B49 6NX",11,5,6,4
"B49 6NY",44,22,22,19
"B49 6NZ",4,2,2,2
"B49 6PA",66,32,34,28
"B49 6PE",55,23,32,23
"B49 6PG",50,23,27,16
"B49 6PH",26,11,15,10
"B49 6PJ",15,9,6,7
"B49 6PL",32,12,20,15
"B49 6PP",9,5,4,4
"B49 6PR",4,1,3,1
"B49 6PX",73,21,52,55
"B49 6PY",42,21,21,16
"B49 6PZ",103,54,49,37
"B49 6QA",51,21,30,24
"B49 6QB",71,36,35,28
"B49 6QD",27,14,13,10
"B49 6QE",8,5,3,4
"B49 6QG",58,30,28,23
"B49 6QH",39,18,21,19
"B49 6QJ",57,28,29,26
"B49 6QL",68,37,31,28
"B49 6QN",7,3,4,2
"B49 6QP",45,22,23,22
"B49 6QQ",59,26,33,21
"B49 6QR",76,40,36,31
"B49 6QS",50,24,26,18
"B49 6QT",12,8,4,8
"B49 6QU",109,52,57,41
"B49 6QW",49,28,21,21
"B49 6QX",62,33,29,21
"B49 6QY",59,13,46,9
"B49 6RB",52,23,29,19
"B49 6RD",34,18,16,13
"B49 6RE",53,29,24,23
"B49 6RF",33,17,16,11
"B49 6RN",15,9,6,8
"B49 6RP",8,2,6,6
"B49 6RR",13,6,7,5
"B49 6RW",76,39,37,28
"B5  4AA",157,96,61,91
"B5  4AB",145,76,69,97
"B5  4AE",140,74,66,93
"B5  4AF",128,77,51,91
"B5  4AJ",143,90,53,92
"B5  4AS",3,1,2,1
"B5  4AT",1,0,1,1
"B5  4AU",3,2,1,3
"B5  4AW",42,29,13,28
"B5  4BB",4,2,2,2
"B5  4BN",1,1,0,1
"B5  4DY",33,19,14,20
"B5  4HQ",1,1,0,1
"B5  4RQ",3,3,0,1
"B5  4RT",1,1,0,1
"B5  4RW",1,1,0,1
"B5  4SG",24,15,9,11
"B5  4ST",1,1,0,1
"B5  4TD",5,4,1,4
"B5  4TE",1,1,0,1
"B5  4TF",110,63,47,73
"B5  4TH",109,67,42,72
"B5  4TJ",135,75,60,72
"B5  4TL",120,61,59,73
"B5  4TN",134,68,66,72
"B5  4TP",108,56,52,60
"B5  4TR",7,4,3,4
"B5  4TT",146,87,59,91
"B5  4TU",133,84,49,90
"B5  4TW",111,55,56,64
"B5  5JE",159,91,68,82
"B5  5JF",160,78,82,85
"B5  5JR",546,222,324,0
"B5  5LY",9,5,4,4
"B5  5NH",3,1,2,0
"B5  5NY",1,1,0,1
"B5  5PG",14,8,6,7
"B5  5QD",1,1,0,1
"B5  5QS",8,4,4,4
"B5  5SE",25,13,12,12
"B5  5SL",1,1,0,1
"B5  5SR",3,3,0,1
"B5  5ST",1,1,0,1
"B5  5TH",110,69,41,51
"B5  6AB",222,118,104,135
"B5  6AH",2,2,0,2
"B5  6AY",1,1,0,1
"B5  6BB",45,45,0,44
"B5  6BH",3,2,1,2
"B5  6DA",11,5,6,6
"B5  6DR",15,10,5,6
"B5  6DT",3,2,1,2
"B5  6DY",9,4,5,3
"B5  6HA",34,24,10,15
"B5  6HT",1,1,0,1
"B5  6HX",6,5,1,4
"B5  6LG",3,3,0,2
"B5  6NB",9,4,5,3
"B5  6ND",6,3,3,2
"B5  6NU",4,3,1,3
"B5  6QB",2,2,0,2
"B5  6QL",3,2,1,2
"B5  6QN",24,9,15,11
"B5  6QP",45,25,20,13
"B5  6RD",3,2,1,1
"B5  6RY",3,2,1,3
"B5  6SD",4,4,0,2
"B5  6SE",10,7,3,6
"B5  6SN",8,7,1,3
"B5  6TG",7,4,3,3
"B5  7AA",2,2,0,2
"B5  7AH",7,6,1,3
"B5  7AJ",391,173,218,0
"B5  7BE",2,1,1,2
"B5  7BQ",27,10,17,5
"B5  7BS",23,14,9,9
"B5  7BT",41,19,22,8
"B5  7BU",12,4,8,5
"B5  7BX",32,14,18,11
"B5  7DE",123,66,57,42
"B5  7DF",92,35,57,30
"B5  7DG",108,47,61,37
"B5  7DH",27,14,13,9
"B5  7DJ",34,13,21,17
"B5  7DL",65,36,29,30
"B5  7DP",31,16,15,10
"B5  7DQ",90,42,48,32
"B5  7DR",9,5,4,4
"B5  7DS",40,17,23,9
"B5  7DU",63,28,35,21
"B5  7DY",86,53,33,41
"B5  7DZ",62,36,26,40
"B5  7ED",28,13,15,10
"B5  7EF",15,6,9,3
"B5  7HY",66,35,31,13
"B5  7JG",12,5,7,5
"B5  7JH",52,28,24,20
"B5  7JJ",25,17,8,7
"B5  7JL",18,9,9,4
"B5  7JN",54,31,23,18
"B5  7LA",93,50,43,35
"B5  7LB",47,25,22,14
"B5  7LD",72,35,37,41
"B5  7LF",25,11,14,9
"B5  7LH",58,34,24,47
"B5  7LL",16,7,9,6
"B5  7LN",71,31,40,24
"B5  7LP",60,30,30,15
"B5  7LR",102,50,52,38
"B5  7LS",65,36,29,19
"B5  7LT",31,14,17,12
"B5  7LW",24,11,13,9
"B5  7LX",25,10,15,11
"B5  7LY",38,20,18,17
"B5  7LZ",68,37,31,45
"B5  7NA",44,35,9,40
"B5  7NB",94,45,49,38
"B5  7ND",71,30,41,27
"B5  7NE",25,14,11,9
"B5  7NF",28,18,10,9
"B5  7NG",43,18,25,16
"B5  7NH",90,35,55,68
"B5  7NJ",113,55,58,49
"B5  7NN",111,59,52,42
"B5  7NP",56,33,23,23
"B5  7NQ",44,18,26,21
"B5  7NW",19,5,14,10
"B5  7NX",88,43,45,28
"B5  7NY",43,20,23,12
"B5  7NZ",6,2,4,1
"B5  7PA",5,3,2,2
"B5  7PB",48,25,23,22
"B5  7PD",25,14,11,18
"B5  7PE",27,14,13,20
"B5  7PF",109,56,53,29
"B5  7PG",29,14,15,7
"B5  7PH",109,55,54,31
"B5  7PL",53,27,26,22
"B5  7PQ",82,39,43,35
"B5  7PR",3,1,2,2
"B5  7PS",12,8,4,6
"B5  7PU",129,70,59,30
"B5  7PX",47,26,21,24
"B5  7PY",90,47,43,34
"B5  7PZ",57,27,30,17
"B5  7QA",9,3,6,4
"B5  7QB",47,29,18,12
"B5  7QD",37,20,17,10
"B5  7QF",638,250,388,62
"B5  7QH",49,28,21,22
"B5  7QJ",72,33,39,38
"B5  7QL",50,33,17,42
"B5  7QN",21,8,13,9
"B5  7QP",55,27,28,22
"B5  7QR",34,19,15,12
"B5  7QY",5,2,3,3
"B5  7QZ",35,20,15,19
"B5  7RA",80,43,37,19
"B5  7RB",116,61,55,29
"B5  7RD",48,29,19,36
"B5  7RG",83,43,40,38
"B5  7RH",12,5,7,7
"B5  7RJ",109,63,46,68
"B5  7RL",4,3,1,1
"B5  7RP",14,8,6,4
"B5  7RQ",70,37,33,29
"B5  7RR",44,25,19,24
"B5  7RS",35,18,17,24
"B5  7RT",32,22,10,24
"B5  7RU",16,8,8,6
"B5  7RW",39,24,15,16
"B5  7RX",41,18,23,18
"B5  7RY",89,47,42,17
"B5  7SA",47,20,27,12
"B5  7SB",65,36,29,46
"B5  7SE",119,56,63,69
"B5  7SF",4,2,2,4
"B5  7SL",52,27,25,10
"B5  7SN",77,41,36,26
"B5  7SP",3,1,2,1
"B5  7SQ",77,40,37,37
"B5  7SR",6,3,3,3
"B5  7SU",108,58,50,62
"B5  7SW",19,14,5,7
"B5  7SY",21,14,7,15
"B5  7TA",3,2,1,1
"B5  7TD",42,19,23,19
"B5  7TE",75,40,35,34
"B5  7TF",55,31,24,30
"B5  7TG",59,38,21,37
"B5  7TJ",74,46,28,56
"B5  7TL",61,40,21,46
"B5  7TN",132,71,61,43
"B5  7TS",44,17,27,24
"B5  7TT",33,22,11,22
"B5  7TU",45,20,25,17
"B5  7TW",75,37,38,26
"B5  7TX",26,13,13,10
"B5  7UA",15,7,8,5
"B5  7UB",86,47,39,46
"B5  7UG",13,6,7,5
"B5  7UH",153,55,98,10
"B5  7UN",92,52,40,51
"B5  7UR",46,24,22,22
"B5  7US",52,20,32,29
"B5  7UT",33,19,14,12
"B5  7UU",57,32,25,32
"B5  7UW",69,30,39,46
"B5  7UX",34,18,16,19
"B5  7UY",66,34,32,33
"B5  7XA",17,7,10,7
"B5  7XE",14,6,8,11
"B5  7XF",37,19,18,15
"B5  7XG",41,19,22,16
"B5  7XH",96,54,42,48
"B5  7XL",47,22,25,31
"B5  7XN",43,21,22,22
"B5  7XP",63,27,36,22
"B5  7XQ",46,34,12,34
"B5  7XR",44,26,18,27
"B5  7XT",48,23,25,22
"B5  7XU",48,35,13,35
"B5  7XW",62,36,26,39
"B5  7XX",22,9,13,8
"B50 4AA",12,5,7,7
"B50 4AB",20,9,11,13
"B50 4AD",30,12,18,18
"B50 4AE",4,1,3,2
"B50 4AF",11,6,5,9
"B50 4AG",4,2,2,2
"B50 4AH",31,18,13,13
"B50 4AJ",18,3,15,15
"B50 4AL",85,36,49,34
"B50 4AN",41,19,22,19
"B50 4AP",118,60,58,49
"B50 4AQ",5,3,2,3
"B50 4AR",161,82,79,66
"B50 4AS",108,58,50,34
"B50 4AT",106,54,52,32
"B50 4AU",14,10,4,3
"B50 4AW",153,76,77,48
"B50 4AX",4,1,3,3
"B50 4AY",39,20,19,15
"B50 4AZ",38,10,28,31
"B50 4BA",75,38,37,23
"B50 4BB",14,7,7,6
"B50 4BD",2,1,1,1
"B50 4BE",24,12,12,14
"B50 4BF",15,5,10,12
"B50 4BG",52,24,28,23
"B50 4BJ",2,1,1,1
"B50 4BL",45,24,21,19
"B50 4BN",51,26,25,22
"B50 4BP",2,1,1,1
"B50 4BQ",21,9,12,12
"B50 4BS",72,34,38,42
"B50 4BT",43,22,21,18
"B50 4BU",27,12,15,11
"B50 4BW",19,10,9,10
"B50 4BX",35,15,20,20
"B50 4BY",51,25,26,24
"B50 4BZ",76,29,47,37
"B50 4DA",13,6,7,6
"B50 4DB",38,17,21,16
"B50 4DD",3,1,2,2
"B50 4DF",139,72,67,54
"B50 4DG",143,74,69,55
"B50 4DH",15,6,9,9
"B50 4DJ",2,1,1,1
"B50 4DL",4,2,2,3
"B50 4DN",115,55,60,44
"B50 4DP",51,23,28,26
"B50 4DQ",20,9,11,9
"B50 4DR",91,44,47,32
"B50 4DS",85,43,42,30
"B50 4DT",66,32,34,22
"B50 4DU",38,20,18,14
"B50 4DW",80,38,42,29
"B50 4DX",124,61,63,48
"B50 4DY",31,14,17,12
"B50 4DZ",53,29,24,19
"B50 4EA",37,20,17,15
"B50 4EB",8,4,4,4
"B50 4ED",95,46,49,40
"B50 4EE",68,33,35,29
"B50 4EF",31,15,16,16
"B50 4EG",26,14,12,12
"B50 4EH",3,2,1,1
"B50 4EJ",19,9,10,8
"B50 4EL",16,9,7,7
"B50 4EN",26,12,14,9
"B50 4EP",3,2,1,1
"B50 4EQ",18,7,11,6
"B50 4ER",6,4,2,2
"B50 4ES",14,8,6,4
"B50 4EU",5,1,4,2
"B50 4EW",22,10,12,11
"B50 4EX",2,2,0,1
"B50 4EY",29,14,15,17
"B50 4FF",97,50,47,36
"B50 4FG",99,49,50,37
"B50 4FH",26,14,12,15
"B50 4FJ",86,34,52,38
"B50 4FN",10,6,4,4
"B50 4FP",10,5,5,5
"B50 4FQ",100,53,47,34
"B50 4FR",73,41,32,24
"B50 4FW",19,9,10,6
"B50 4FX",9,6,3,5
"B50 4GZ",12,4,8,4
"B50 4HB",49,27,22,24
"B50 4HD",2,1,1,1
"B50 4HE",4,2,2,1
"B50 4HF",4,2,2,2
"B50 4HG",58,28,30,26
"B50 4HH",15,7,8,5
"B50 4HJ",80,46,34,30
"B50 4HL",54,28,26,22
"B50 4HN",3,1,2,1
"B50 4HP",7,3,4,5
"B50 4HQ",29,13,16,10
"B50 4HR",58,31,27,25
"B50 4HS",29,12,17,8
"B50 4HT",32,16,16,12
"B50 4HW",80,40,40,31
"B50 4HY",43,21,22,22
"B50 4HZ",74,29,45,28
"B50 4JA",10,5,5,5
"B50 4JB",17,7,10,5
"B50 4JD",15,7,8,4
"B50 4JH",54,14,40,7
"B50 4JL",38,17,21,18
"B50 4JP",25,12,13,2
"B50 4JQ",8,5,3,3
"B50 4JR",4,2,2,3
"B50 4JS",11,7,4,4
"B50 4JT",1,0,1,1
"B50 4JY",4,2,2,2
"B50 4JZ",4,2,2,2
"B50 4LA",3,2,1,1
"B50 4LB",7,4,3,2
"B50 4LE",3,2,1,1
"B50 4LF",28,14,14,10
"B50 4LG",12,5,7,5
"B50 4LH",3,2,1,1
"B50 4LJ",5,2,3,2
"B50 4LL",16,9,7,4
"B50 4LN",10,4,6,5
"B50 4LP",3,1,2,2
"B50 4LQ",11,5,6,4
"B50 4LR",1,1,0,1
"B50 4LS",15,7,8,6
"B50 4LT",7,4,3,3
"B50 4LU",15,8,7,6
"B50 4LW",4,1,3,1
"B50 4LY",15,6,9,7
"B50 4LZ",2,1,1,1
"B50 4NA",2,1,1,1
"B50 4ND",16,7,9,9
"B50 4NG",3,2,1,3
"B50 4NL",31,15,16,14
"B50 4NN",16,7,9,7
"B50 4NP",76,44,32,36
"B50 4NR",59,27,32,23
"B50 4NS",17,8,9,4
"B50 4NT",41,17,24,22
"B50 4NU",4,3,1,2
"B50 4NX",17,10,7,8
"B50 4NY",7,3,4,2
"B50 4PA",29,14,15,10
"B50 4PB",20,9,11,8
"B50 4PD",14,7,7,4
"B50 4PE",2,1,1,1
"B50 4PF",11,8,3,5
"B50 4PG",4,3,1,1
"B50 4PH",50,28,22,16
"B50 4PJ",59,32,27,20
"B50 4PP",10,5,5,9
"B50 4PQ",5,3,2,3
"B50 4QA",47,20,27,19
"B50 4QB",12,7,5,5
"B50 4QD",59,29,30,19
"B50 4QE",54,28,26,20
"B50 4QF",17,6,11,6
"B50 4QG",62,28,34,21
"B50 4QH",43,23,20,13
"B50 4QJ",20,9,11,6
"B50 4QQ",30,13,17,11
"B6  4AS",167,88,79,62
"B6  4BA",6,2,4,1
"B6  4BE",6,6,0,2
"B6  4ES",5,4,1,1
"B6  4EX",2,2,0,1
"B6  4HN",1,1,0,1
"B6  4HT",3,2,1,1
"B6  4NE",1,1,0,1
"B6  4PP",96,49,47,49
"B6  4SL",2,1,1,1
"B6  4TA",60,23,37,23
"B6  4TB",45,21,24,11
"B6  4TD",77,43,34,25
"B6  4TF",16,8,8,6
"B6  4TG",22,10,12,7
"B6  4TH",79,37,42,19
"B6  4TL",11,9,2,8
"B6  4TN",11,5,6,3
"B6  4TP",99,53,46,25
"B6  4TQ",104,58,46,30
"B6  4TS",52,23,29,15
"B6  4UB",170,64,106,83
"B6  4UD",71,34,37,19
"B6  4UH",45,26,19,16
"B6  4UJ",61,32,29,25
"B6  4UN",28,13,15,11
"B6  4UP",2,1,1,1
"B6  5BA",284,144,140,70
"B6  5BB",205,87,118,61
"B6  5BD",44,23,21,19
"B6  5BE",4,2,2,2
"B6  5BL",80,39,41,19
"B6  5BN",3,2,1,1
"B6  5BP",19,8,11,5
"B6  5BQ",28,13,15,8
"B6  5BU",27,15,12,14
"B6  5BW",88,46,42,24
"B6  5BX",41,21,20,25
"B6  5DE",110,49,61,25
"B6  5DL",159,73,86,46
"B6  5DN",136,71,65,57
"B6  5DP",130,74,56,60
"B6  5DR",127,67,60,61
"B6  5DW",111,59,52,62
"B6  5EJ",7,5,2,6
"B6  5EL",33,18,15,10
"B6  5EP",96,44,52,32
"B6  5ER",153,72,81,50
"B6  5ES",198,97,101,66
"B6  5ET",131,68,63,40
"B6  5EU",36,21,15,11
"B6  5HA",83,47,36,29
"B6  5HG",39,15,24,13
"B6  5HH",21,11,10,5
"B6  5HL",57,26,31,21
"B6  5HN",37,17,20,16
"B6  5HP",1,1,0,1
"B6  5HQ",42,21,21,10
"B6  5HT",216,114,102,67
"B6  5HU",50,25,25,15
"B6  5HW",26,19,7,0
"B6  5HX",114,59,55,23
"B6  5HY",33,13,20,14
"B6  5HZ",54,24,30,25
"B6  5JH",15,7,8,5
"B6  5JJ",13,7,6,8
"B6  5JL",4,3,1,3
"B6  5JN",31,14,17,14
"B6  5JT",37,20,17,22
"B6  5JU",66,35,31,19
"B6  5JX",72,36,36,33
"B6  5LL",96,48,48,34
"B6  5LX",133,72,61,37
"B6  5LY",65,32,33,25
"B6  5NA",124,64,60,28
"B6  5ND",155,88,67,35
"B6  5NE",109,49,60,36
"B6  5NG",24,10,14,14
"B6  5NH",39,16,23,9
"B6  5NJ",96,52,44,26
"B6  5NL",123,60,63,29
"B6  5NN",28,9,19,7
"B6  5NU",48,27,21,12
"B6  5NY",7,5,2,2
"B6  5PD",33,19,14,6
"B6  5RW",19,11,8,10
"B6  5RX",2,1,1,2
"B6  5SF",2,1,1,1
"B6  5SL",6,4,2,1
"B6  5SY",51,29,22,21
"B6  5TG",2,0,2,1
"B6  5TH",2,1,1,1
"B6  5UE",62,30,32,23
"B6  5UG",95,44,51,28
"B6  5UH",73,37,36,29
"B6  5UJ",26,17,9,17
"B6  5UL",31,15,16,19
"B6  5UP",42,21,21,13
"B6  5UQ",2,1,1,1
"B6  6AA",24,14,10,5
"B6  6AB",120,54,66,21
"B6  6AD",16,9,7,5
"B6  6AE",119,60,59,27
"B6  6AG",51,25,26,13
"B6  6AH",11,6,5,10
"B6  6AJ",43,25,18,6
"B6  6AL",93,53,40,41
"B6  6AN",79,42,37,28
"B6  6AP",303,177,126,62
"B6  6AR",180,90,90,40
"B6  6AS",107,48,59,29
"B6  6AT",248,119,129,42
"B6  6AU",162,85,77,30
"B6  6AX",29,16,13,12
"B6  6AY",24,11,13,10
"B6  6AZ",28,12,16,9
"B6  6BA",22,8,14,10
"B6  6BB",123,65,58,28
"B6  6BD",31,15,16,8
"B6  6BJ",22,14,8,13
"B6  6BP",192,95,97,47
"B6  6BS",110,59,51,25
"B6  6BT",48,19,29,12
"B6  6BU",120,60,60,35
"B6  6BX",48,22,26,13
"B6  6BY",22,13,9,4
"B6  6BZ",30,16,14,13
"B6  6DA",5,4,1,3
"B6  6DB",21,11,10,7
"B6  6DE",48,29,19,7
"B6  6DG",258,125,133,51
"B6  6DH",29,11,18,7
"B6  6DT",93,45,48,22
"B6  6EA",62,37,25,12
"B6  6EB",45,22,23,10
"B6  6ED",38,17,21,6
"B6  6EE",21,10,11,6
"B6  6EG",1,1,0,1
"B6  6EH",31,19,12,8
"B6  6EL",109,49,60,23
"B6  6EN",116,58,58,23
"B6  6EP",185,95,90,39
"B6  6ER",44,23,21,9
"B6  6ES",186,95,91,40
"B6  6ET",174,85,89,35
"B6  6HB",25,12,13,13
"B6  6HG",151,75,76,38
"B6  6HH",10,6,4,5
"B6  6HJ",261,140,121,64
"B6  6HL",29,16,13,9
"B6  6HN",154,77,77,46
"B6  6HP",21,11,10,3
"B6  6HQ",134,69,65,33
"B6  6HR",184,94,90,79
"B6  6HS",171,82,89,43
"B6  6HT",190,98,92,44
"B6  6HU",12,5,7,6
"B6  6HX",111,62,49,20
"B6  6HZ",5,3,2,1
"B6  6JA",52,23,29,14
"B6  6JB",49,24,25,13
"B6  6JD",5,2,3,2
"B6  6JN",104,63,41,17
"B6  6JP",4,2,2,2
"B6  6JR",180,82,98,42
"B6  6JU",91,35,56,22
"B6  6JX",120,52,68,29
"B6  6JY",153,83,70,36
"B6  6LA",165,80,85,50
"B6  6LB",89,42,47,21
"B6  6LD",25,12,13,20
"B6  6LE",2,1,1,1
"B6  6LF",82,36,46,22
"B6  6LN",148,67,81,36
"B6  6LP",162,81,81,41
"B6  6LR",137,69,68,38
"B6  6LS",7,4,3,2
"B6  6LT",110,56,54,25
"B6  6LU",200,94,106,54
"B6  6LW",72,34,38,24
"B6  6LX",130,58,72,31
"B6  6LZ",92,47,45,19
"B6  6NA",2,1,1,1
"B6  6NB",184,91,93,41
"B6  6ND",134,66,68,33
"B6  6NE",134,66,68,29
"B6  6NG",140,75,65,36
"B6  6NH",117,66,51,35
"B6  6NS",42,24,18,12
"B6  6NT",43,25,18,13
"B6  6NU",47,28,19,17
"B6  6NX",73,38,35,11
"B6  6PD",3,1,2,1
"B6  6PE",169,93,76,44
"B6  6PG",86,49,37,21
"B6  6PJ",142,71,71,53
"B6  6PL",144,85,59,45
"B6  6PN",122,58,64,34
"B6  6PP",54,28,26,16
"B6  6PS",28,12,16,6
"B6  6PT",18,10,8,6
"B6  6QB",10,5,5,5
"B6  6QE",1,1,0,1
"B6  6QN",24,14,10,7
"B6  6QP",53,24,29,14
"B6  6QR",7,5,2,2
"B6  6QT",40,18,22,12
"B6  6QU",42,30,12,9
"B6  6QX",10,6,4,5
"B6  6QY",5,2,3,4
"B6  6QZ",45,25,20,13
"B6  6RA",14,10,4,8
"B6  6RB",105,56,49,36
"B6  6RD",103,52,51,33
"B6  6RE",3,0,3,3
"B6  6RG",109,42,67,26
"B6  6RP",147,79,68,40
"B6  6RS",156,72,84,42
"B6  6RT",181,89,92,50
"B6  6RU",56,25,31,22
"B6  6RX",172,83,89,50
"B6  6RY",84,36,48,24
"B6  6SA",50,25,25,14
"B6  6SB",89,49,40,20
"B6  6SE",8,4,4,2
"B6  6SG",37,20,17,15
"B6  6SN",7,4,3,4
"B6  6SP",5,4,1,4
"B6  7AB",2,1,1,1
"B6  7AD",2,1,1,1
"B6  7AE",37,19,18,20
"B6  7AG",3,0,3,2
"B6  7AJ",35,22,13,13
"B6  7AL",24,7,17,9
"B6  7AN",158,79,79,56
"B6  7AR",20,9,11,12
"B6  7AW",21,13,8,6
"B6  7BE",122,58,64,45
"B6  7BG",97,52,45,39
"B6  7BH",1,1,0,1
"B6  7BN",2,1,1,1
"B6  7BP",68,40,28,27
"B6  7BS",70,32,38,24
"B6  7BT",124,63,61,46
"B6  7BU",8,4,4,2
"B6  7BX",79,38,41,27
"B6  7BY",1,0,1,1
"B6  7DD",1,0,1,1
"B6  7DG",147,74,73,49
"B6  7DH",23,11,12,7
"B6  7DJ",45,24,21,16
"B6  7DL",122,63,59,47
"B6  7DN",49,21,28,24
"B6  7DP",115,58,57,38
"B6  7DR",122,56,66,42
"B6  7DS",33,19,14,11
"B6  7DT",57,23,34,18
"B6  7DU",122,56,66,61
"B6  7DX",17,8,9,4
"B6  7DY",23,11,12,9
"B6  7EA",25,11,14,14
"B6  7ED",31,20,11,12
"B6  7EZ",1,1,0,1
"B6  7JU",6,3,3,2
"B6  7LZ",41,20,21,8
"B6  7NA",88,40,48,25
"B6  7NB",90,44,46,27
"B6  7ND",1,1,0,1
"B6  7NP",20,10,10,11
"B6  7NR",33,19,14,17
"B6  7NU",30,17,13,18
"B6  7NX",103,52,51,30
"B6  7NY",40,16,24,8
"B6  7PA",71,34,37,38
"B6  7PB",67,34,33,33
"B6  7PN",62,36,26,23
"B6  7PT",69,38,31,28
"B6  7PU",43,27,16,32
"B6  7QA",36,17,19,16
"B6  7QH",45,23,22,13
"B6  7QP",4,3,1,2
"B6  7QY",1,0,1,1
"B6  7RA",5,3,2,1
"B6  7SH",5,2,3,2
"B6  7SP",11,5,6,6
"B6  7ST",1,0,1,1
"B6  7TD",19,7,12,7
"B6  7TU",33,13,20,14
"B6  7UA",25,14,11,13
"B60 1AB",35,17,18,16
"B60 1AD",63,18,45,51
"B60 1AE",15,8,7,3
"B60 1AF",16,7,9,6
"B60 1AG",32,15,17,14
"B60 1AH",94,42,52,68
"B60 1AJ",28,13,15,11
"B60 1AL",62,35,27,22
"B60 1AN",35,14,21,20
"B60 1AP",45,21,24,20
"B60 1AQ",102,55,47,56
"B60 1AR",59,27,32,40
"B60 1AS",16,9,7,9
"B60 1AT",19,12,7,10
"B60 1AU",37,18,19,15
"B60 1AW",48,25,23,20
"B60 1AX",10,2,8,2
"B60 1AY",4,2,2,0
"B60 1AZ",86,19,67,50
"B60 1BB",92,44,48,40
"B60 1BD",92,45,47,34
"B60 1BE",89,42,47,33
"B60 1BG",6,3,3,3
"B60 1BH",37,17,20,15
"B60 1BJ",93,32,61,24
"B60 1BL",58,26,32,23
"B60 1BN",65,32,33,28
"B60 1BP",99,48,51,39
"B60 1BQ",60,28,32,25
"B60 1BS",175,85,90,69
"B60 1BT",3,0,3,1
"B60 1BU",41,18,23,14
"B60 1BW",20,11,9,8
"B60 1BX",41,19,22,29
"B60 1BY",91,46,45,37
"B60 1DA",11,5,6,5
"B60 1DB",5,2,3,3
"B60 1DD",66,34,32,28
"B60 1DE",43,24,19,16
"B60 1DF",113,50,63,44
"B60 1DG",58,27,31,30
"B60 1DH",40,23,17,18
"B60 1DL",4,4,0,3
"B60 1DN",17,8,9,8
"B60 1DP",21,9,12,9
"B60 1DQ",69,30,39,27
"B60 1DR",58,25,33,25
"B60 1DS",104,55,49,40
"B60 1DT",83,45,38,39
"B60 1DU",19,11,8,10
"B60 1DW",68,32,36,33
"B60 1DX",31,14,17,15
"B60 1DY",83,40,43,36
"B60 1DZ",71,32,39,36
"B60 1EA",12,6,6,5
"B60 1ED",57,33,24,18
"B60 1EE",37,19,18,16
"B60 1EJ",24,13,11,10
"B60 1EL",25,13,12,10
"B60 1EN",15,7,8,6
"B60 1EP",23,11,12,10
"B60 1EQ",38,24,14,24
"B60 1EU",75,38,37,36
"B60 1EW",36,17,19,19
"B60 1EX",64,30,34,23
"B60 1EY",38,18,20,15
"B60 1FD",5,3,2,3
"B60 1GA",71,37,34,24
"B60 1GB",35,18,17,12
"B60 1GD",129,64,65,47
"B60 1GE",122,63,59,34
"B60 1GF",33,14,19,11
"B60 1GG",38,21,17,11
"B60 1GH",3,1,2,2
"B60 1GL",11,8,3,9
"B60 1GQ",52,28,24,16
"B60 1GS",48,28,20,29
"B60 1GT",35,15,20,16
"B60 1GZ",14,7,7,5
"B60 1HB",11,6,5,4
"B60 1HD",48,25,23,22
"B60 1HE",117,57,60,48
"B60 1HF",85,42,43,36
"B60 1HG",9,5,4,3
"B60 1HH",60,28,32,27
"B60 1HL",39,21,18,15
"B60 1HN",73,40,33,26
"B60 1HP",78,36,42,26
"B60 1HQ",116,56,60,46
"B60 1HR",43,23,20,22
"B60 1HS",18,9,9,8
"B60 1HT",1,0,1,1
"B60 1HU",12,7,5,3
"B60 1HW",117,59,58,44
"B60 1HX",19,8,11,8
"B60 1HY",7,3,4,3
"B60 1HZ",89,41,48,35
"B60 1JA",58,30,28,24
"B60 1JD",23,7,16,9
"B60 1JE",61,34,27,23
"B60 1JF",27,14,13,13
"B60 1JG",14,7,7,6
"B60 1JH",14,6,8,4
"B60 1JJ",32,21,11,14
"B60 1JL",61,26,35,28
"B60 1JN",17,9,8,7
"B60 1JP",54,26,28,23
"B60 1JQ",17,7,10,6
"B60 1JR",22,9,13,14
"B60 1JS",16,7,9,8
"B60 1JT",107,56,51,37
"B60 1JU",76,39,37,30
"B60 1JW",85,45,40,35
"B60 1JX",29,16,13,14
"B60 1JY",155,83,72,56
"B60 1JZ",96,50,46,34
"B60 1LA",30,14,16,12
"B60 1LD",8,4,4,3
"B60 1LE",5,3,2,3
"B60 1LG",12,6,6,4
"B60 1LH",9,4,5,4
"B60 1LJ",27,12,15,11
"B60 1LL",21,10,11,9
"B60 1LN",7,3,4,4
"B60 1LP",37,20,17,15
"B60 1LQ",16,8,8,7
"B60 1LR",11,4,7,3
"B60 1LS",13,6,7,5
"B60 1LU",21,12,9,10
"B60 1LW",12,4,8,6
"B60 1LY",22,13,9,5
"B60 1LZ",20,13,7,7
"B60 1NA",49,19,30,7
"B60 1NB",17,9,8,9
"B60 1ND",4,1,3,2
"B60 1NE",46,17,29,11
"B60 1NF",12,5,7,6
"B60 1NG",34,17,17,11
"B60 1NH",8,4,4,4
"B60 1NJ",48,24,24,16
"B60 1NN",41,22,19,14
"B60 1NP",17,10,7,6
"B60 1NR",8,5,3,3
"B60 1NT",4,1,3,1
"B60 1NU",31,17,14,14
"B60 1NX",19,11,8,7
"B60 1NY",4,2,2,2
"B60 1NZ",31,18,13,15
"B60 1PA",28,14,14,15
"B60 1PD",52,30,22,30
"B60 1PG",59,22,37,46
"B60 1PH",7,3,4,3
"B60 1PJ",9,6,3,3
"B60 1PL",6,2,4,2
"B60 1PN",12,7,5,3
"B60 1PP",20,11,9,8
"B60 1PR",17,8,9,5
"B60 1PS",7,4,3,3
"B60 1PT",3,2,1,1
"B60 1PU",8,3,5,3
"B60 1PW",6,4,2,1
"B60 1PX",4,2,2,1
"B60 1PZ",64,31,33,23
"B60 1QB",66,34,32,28
"B60 1QD",10,4,6,4
"B60 1QE",8,7,1,3
"B60 1QF",7,4,3,3
"B60 1QG",12,5,7,3
"B60 1QH",28,16,12,12
"B60 1QJ",58,33,25,18
"B60 1QL",9,6,3,3
"B60 1QN",10,3,7,6
"B60 1QP",14,7,7,6
"B60 1QQ",2,1,1,1
"B60 1QU",13,8,5,6
"B60 1QW",3,2,1,2
"B60 1RA",12,5,7,4
"B60 1RB",75,36,39,39
"B60 1RD",16,8,8,6
"B60 2AA",33,18,15,16
"B60 2AB",24,9,15,8
"B60 2AD",36,16,20,17
"B60 2AE",49,24,25,22
"B60 2AF",28,13,15,13
"B60 2AG",29,13,16,16
"B60 2AH",36,17,19,14
"B60 2AJ",19,7,12,8
"B60 2AL",40,19,21,22
"B60 2AN",20,7,13,11
"B60 2AP",18,6,12,7
"B60 2AQ",90,41,49,36
"B60 2AR",40,19,21,16
"B60 2AS",70,22,48,13
"B60 2AT",9,4,5,5
"B60 2AU",58,30,28,25
"B60 2AW",66,31,35,35
"B60 2AX",65,32,33,21
"B60 2AY",45,24,21,17
"B60 2AZ",128,54,74,45
"B60 2BA",83,41,42,34
"B60 2BB",27,13,14,11
"B60 2BD",51,22,29,22
"B60 2BP",69,28,41,28
"B60 2BQ",16,5,11,11
"B60 2BS",2,0,2,1
"B60 2BT",25,11,14,17
"B60 2BW",1,0,1,1
"B60 2BY",5,2,3,4
"B60 2BZ",26,13,13,16
"B60 2DA",66,21,45,57
"B60 2DB",54,29,25,36
"B60 2DD",6,2,4,2
"B60 2DE",51,22,29,32
"B60 2DG",16,10,6,6
"B60 2DH",23,12,11,10
"B60 2DL",74,30,44,34
"B60 2DN",45,22,23,18
"B60 2DP",41,21,20,17
"B60 2DQ",15,7,8,6
"B60 2DR",28,16,12,11
"B60 2DW",25,12,13,13
"B60 2DZ",9,6,3,3
"B60 2EA",58,29,29,23
"B60 2EB",19,9,10,10
"B60 2ED",47,24,23,19
"B60 2EE",21,12,9,9
"B60 2EF",25,10,15,10
"B60 2EG",50,22,28,18
"B60 2EH",25,12,13,11
"B60 2EJ",11,5,6,5
"B60 2EL",2,1,1,1
"B60 2EN",33,14,19,12
"B60 2EQ",19,13,6,10
"B60 2ES",3,2,1,1
"B60 2ET",7,4,3,4
"B60 2EU",56,25,31,22
"B60 2EW",45,24,21,21
"B60 2EX",71,32,39,27
"B60 2EY",22,12,10,8
"B60 2EZ",44,19,25,17
"B60 2HA",87,41,46,31
"B60 2HB",30,15,15,14
"B60 2HD",51,21,30,21
"B60 2HE",70,38,32,27
"B60 2HF",56,26,30,22
"B60 2HG",20,8,12,9
"B60 2HH",49,22,27,22
"B60 2HJ",96,50,46,39
"B60 2HL",47,22,25,18
"B60 2HN",55,27,28,26
"B60 2HP",22,10,12,11
"B60 2HQ",56,28,28,25
"B60 2HR",54,31,23,18
"B60 2HS",49,22,27,18
"B60 2HT",21,10,11,7
"B60 2HU",28,14,14,10
"B60 2HW",49,23,26,15
"B60 2HX",5,3,2,4
"B60 2JD",24,11,13,16
"B60 2JG",2,1,1,1
"B60 2JJ",37,13,24,26
"B60 2JN",28,7,21,22
"B60 2JP",23,11,12,10
"B60 2JQ",60,17,43,19
"B60 2JR",14,5,9,4
"B60 2JS",6,3,3,3
"B60 2JU",10,5,5,4
"B60 2JW",26,12,14,13
"B60 2JX",14,9,5,6
"B60 2JY",58,28,30,22
"B60 2JZ",1,0,1,1
"B60 2LA",42,17,25,14
"B60 2LB",20,11,9,9
"B60 2LD",37,19,18,22
"B60 2LE",17,8,9,11
"B60 2LF",20,7,13,0
"B60 2LH",34,16,18,12
"B60 2LJ",54,24,30,20
"B60 2LL",31,13,18,10
"B60 2LN",67,35,32,29
"B60 2LP",30,15,15,13
"B60 2LR",24,12,12,14
"B60 2LS",13,7,6,7
"B60 2LT",29,15,14,14
"B60 2LU",70,31,39,35
"B60 2LX",20,13,7,14
"B60 2LY",35,14,21,16
"B60 2NB",31,10,21,23
"B60 2ND",7,3,4,3
"B60 2NE",43,19,24,27
"B60 2NF",43,19,24,16
"B60 2NG",45,21,24,14
"B60 2NH",9,4,5,4
"B60 2NJ",73,38,35,30
"B60 2NL",23,14,9,15
"B60 2NN",15,8,7,12
"B60 2NP",26,12,14,13
"B60 2NQ",120,55,65,53
"B60 2NR",71,35,36,30
"B60 2NS",31,15,16,11
"B60 2NT",32,13,19,15
"B60 2NU",9,4,5,4
"B60 2NW",36,22,14,19
"B60 2NX",35,16,19,19
"B60 2PB",23,11,12,10
"B60 2PD",31,15,16,16
"B60 2PE",41,21,20,17
"B60 2PF",32,18,14,9
"B60 2PG",21,11,10,7
"B60 2PH",55,29,26,24
"B60 2PJ",67,33,34,28
"B60 2PL",9,5,4,4
"B60 2PN",55,32,23,32
"B60 2PQ",31,16,15,13
"B60 2PW",61,27,34,28
"B60 2QA",77,42,35,68
"B60 2RA",99,49,50,56
"B60 2RB",33,17,16,20
"B60 2RD",146,70,76,53
"B60 2RE",119,64,55,37
"B60 2RF",42,22,20,10
"B60 2RG",59,33,26,29
"B60 2RH",94,46,48,26
"B60 2RJ",26,11,15,8
"B60 2RL",66,35,31,21
"B60 2RN",13,6,7,3
"B60 2RP",92,47,45,23
"B60 2RQ",50,22,28,13
"B60 2RR",52,27,25,18
"B60 2RS",58,27,31,21
"B60 2RT",28,14,14,7
"B60 2RU",64,30,34,19
"B60 2RX",52,19,33,19
"B60 2RY",42,22,20,13
"B60 2RZ",68,32,36,22
"B60 2SA",204,108,96,66
"B60 2SB",44,19,25,11
"B60 2SD",46,23,23,15
"B60 2SE",46,20,26,13
"B60 2SF",34,16,18,10
"B60 2SG",64,36,28,20
"B60 2SH",68,36,32,21
"B60 2SJ",60,27,33,26
"B60 2SL",98,46,52,29
"B60 2SN",71,36,35,21
"B60 2SP",101,54,47,33
"B60 2SQ",54,30,24,15
"B60 2SR",15,4,11,5
"B60 2SS",39,20,19,14
"B60 2TA",127,58,69,42
"B60 2TB",20,9,11,7
"B60 2TD",14,6,8,5
"B60 2TE",38,21,17,12
"B60 2TF",18,10,8,6
"B60 2TG",19,8,11,6
"B60 2TH",91,48,43,30
"B60 2TJ",89,39,50,33
"B60 2TN",23,13,10,7
"B60 2TP",48,20,28,16
"B60 2TQ",96,50,46,26
"B60 2TR",76,28,48,24
"B60 3AA",2,1,1,1
"B60 3AB",19,10,9,6
"B60 3AD",8,5,3,5
"B60 3AE",19,9,10,7
"B60 3AF",13,8,5,6
"B60 3AG",14,8,6,5
"B60 3AH",4,2,2,2
"B60 3AP",17,9,8,9
"B60 3AQ",16,9,7,7
"B60 3AR",17,8,9,7
"B60 3AT",4,1,3,1
"B60 3AU",29,16,13,14
"B60 3AX",10,6,4,4
"B60 3AY",15,10,5,5
"B60 3AZ",3,2,1,2
"B60 3BA",6,3,3,3
"B60 3BB",10,6,4,4
"B60 3BD",2,0,2,1
"B60 3BE",7,2,5,4
"B60 3BH",42,23,19,11
"B60 3BN",16,8,8,5
"B60 3BP",18,9,9,5
"B60 3BS",4,2,2,2
"B60 3BT",8,5,3,3
"B60 3BU",18,9,9,10
"B60 3BW",30,16,14,12
"B60 3BX",5,3,2,2
"B60 3BY",50,29,21,18
"B60 3BZ",89,44,45,29
"B60 3DA",32,12,20,16
"B60 3DB",39,16,23,19
"B60 3DD",35,18,17,16
"B60 3DE",50,25,25,25
"B60 3DF",58,29,29,27
"B60 3DJ",2,2,0,2
"B60 3DR",2,2,0,2
"B60 3DX",1,1,0,1
"B60 3EA",123,68,55,47
"B60 3EB",29,16,13,10
"B60 3ED",23,15,8,9
"B60 3EE",23,10,13,7
"B60 3EF",41,22,19,17
"B60 3EG",71,33,38,26
"B60 3EH",48,26,22,24
"B60 3EJ",47,24,23,21
"B60 3EL",93,45,48,46
"B60 3EN",24,12,12,8
"B60 3EP",56,29,27,20
"B60 3EQ",31,16,15,13
"B60 3ER",26,12,14,11
"B60 3EX",2,1,1,1
"B60 3EY",6,4,2,2
"B60 3EZ",8,6,2,1
"B60 3GA",70,30,40,29
"B60 3GB",78,45,33,36
"B60 3GD",37,16,21,16
"B60 3GE",56,29,27,18
"B60 3GF",77,40,37,44
"B60 3GG",116,56,60,47
"B60 3GH",25,13,12,11
"B60 3GJ",103,47,56,48
"B60 3GL",46,23,23,15
"B60 3GN",87,42,45,40
"B60 3GP",72,40,32,22
"B60 3GQ",85,44,41,35
"B60 3GR",19,10,9,7
"B60 3GS",61,30,31,33
"B60 3GT",49,28,21,21
"B60 3GU",52,24,28,22
"B60 3GW",26,15,11,20
"B60 3GY",26,14,12,18
"B60 3HA",6,4,2,2
"B60 3HB",9,5,4,5
"B60 3HD",29,16,13,10
"B60 3HF",2,1,1,1
"B60 3HJ",46,19,27,36
"B60 3HL",11,5,6,6
"B60 3HN",35,16,19,15
"B60 3HP",58,25,33,32
"B60 3HR",36,14,22,14
"B60 3HS",129,59,70,61
"B60 3HT",34,19,15,14
"B60 3HU",73,36,37,26
"B60 3HW",152,71,81,52
"B60 3HX",131,66,65,46
"B60 3HY",60,30,30,29
"B60 3HZ",24,12,12,8
"B60 3JA",52,23,29,16
"B60 3JB",48,26,22,19
"B60 3JD",59,31,28,24
"B60 3JE",26,13,13,12
"B60 3JF",83,42,41,38
"B60 3JG",28,13,15,11
"B60 3JH",58,27,31,30
"B60 3JL",42,23,19,12
"B60 3JN",10,5,5,3
"B60 3JP",57,28,29,21
"B60 3JR",21,10,11,10
"B60 3JS",104,59,45,40
"B60 3JT",35,14,21,16
"B60 3JU",36,19,17,16
"B60 3JW",10,5,5,4
"B60 3JX",67,32,35,25
"B60 3JY",28,16,12,12
"B60 3JZ",99,29,70,82
"B60 3LA",88,44,44,32
"B60 3LB",138,66,72,67
"B60 3LD",182,78,104,74
"B60 3LE",19,10,9,10
"B60 3LF",26,14,12,14
"B60 3LG",49,29,20,20
"B60 3LH",46,23,23,13
"B60 3LJ",19,9,10,8
"B60 3LL",46,19,27,15
"B60 3LP",16,5,11,11
"B60 3LQ",71,36,35,25
"B60 3LR",61,27,34,36
"B60 3LT",22,8,14,19
"B60 3LU",1,1,0,1
"B60 3LX",2,1,1,1
"B60 3LY",83,39,44,29
"B60 3LZ",80,42,38,30
"B60 3NA",112,44,68,48
"B60 3NB",127,60,67,49
"B60 3ND",85,48,37,34
"B60 3NE",40,21,19,16
"B60 3NF",35,18,17,13
"B60 3NG",37,19,18,26
"B60 3NH",3,2,1,1
"B60 3NJ",50,23,27,27
"B60 3NN",5,1,4,4
"B60 3NP",37,18,19,20
"B60 3NQ",54,21,33,27
"B60 3NR",102,50,52,38
"B60 3NS",25,17,8,16
"B60 3NT",77,45,32,43
"B60 3NU",126,56,70,37
"B60 3NW",75,32,43,34
"B60 3NX",95,46,49,36
"B60 3NY",43,20,23,20
"B60 3NZ",81,39,42,26
"B60 3PA",101,48,53,38
"B60 3PB",71,34,37,26
"B60 3PD",35,19,16,14
"B60 3PE",96,46,50,48
"B60 3PF",30,12,18,12
"B60 3PG",56,30,26,21
"B60 3PJ",63,26,37,21
"B60 3PL",45,25,20,15
"B60 3PN",103,45,58,45
"B60 3PP",82,42,40,35
"B60 3PQ",12,6,6,5
"B60 3PR",56,28,28,21
"B60 3PS",63,34,29,25
"B60 3PT",14,5,9,5
"B60 3PU",19,9,10,8
"B60 3PW",34,19,15,13
"B60 3PX",141,70,71,52
"B60 3PY",71,34,37,30
"B60 3QB",26,14,12,9
"B60 3QD",38,18,20,16
"B60 3QG",70,36,34,31
"B60 3QH",121,70,51,43
"B60 3QJ",24,15,9,10
"B60 3QL",106,53,53,39
"B60 3QN",26,11,15,10
"B60 3QP",103,48,55,37
"B60 3QQ",36,15,21,15
"B60 3QR",110,61,49,42
"B60 3QS",131,70,61,55
"B60 3QT",48,23,25,16
"B60 3QU",61,29,32,26
"B60 3QW",36,19,17,13
"B60 3QX",83,42,41,39
"B60 3QY",49,24,25,19
"B60 3QZ",10,5,5,4
"B60 3RA",25,15,10,7
"B60 3RB",24,13,11,9
"B60 3SA",123,54,69,42
"B60 3SB",113,51,62,58
"B60 3SD",99,47,52,49
"B60 3SE",70,36,34,28
"B60 3SF",35,17,18,18
"B60 3SH",77,32,45,34
"B60 4AD",5,2,3,3
"B60 4AG",2,1,1,1
"B60 4AH",24,15,9,6
"B60 4AL",15,8,7,4
"B60 4AP",4,2,2,2
"B60 4AQ",3,2,1,1
"B60 4AR",1,0,1,1
"B60 4AS",11,5,6,5
"B60 4AT",12,5,7,5
"B60 4AU",10,5,5,4
"B60 4AW",19,10,9,6
"B60 4AX",2,1,1,1
"B60 4AZ",30,15,15,16
"B60 4BA",6,3,3,3
"B60 4BB",17,9,8,7
"B60 4BE",10,6,4,5
"B60 4BF",85,42,43,30
"B60 4BG",6,4,2,4
"B60 4BH",7,5,2,3
"B60 4BJ",1,0,1,1
"B60 4BL",21,10,11,8
"B60 4BN",11,4,7,5
"B60 4BP",7,3,4,2
"B60 4BQ",20,8,12,9
"B60 4BS",4,2,2,2
"B60 4BT",13,7,6,4
"B60 4BU",37,21,16,20
"B60 4BW",3,1,2,1
"B60 4BX",18,9,9,8
"B60 4BY",11,7,4,6
"B60 4BZ",68,33,35,36
"B60 4DA",27,18,9,11
"B60 4DB",45,21,24,17
"B60 4DD",25,15,10,8
"B60 4DF",6,3,3,4
"B60 4DG",24,12,12,15
"B60 4DH",10,5,5,6
"B60 4DN",18,10,8,7
"B60 4DP",14,7,7,4
"B60 4DR",44,22,22,18
"B60 4DS",8,4,4,3
"B60 4DT",49,25,24,23
"B60 4DU",7,3,4,2
"B60 4DW",11,5,6,4
"B60 4DX",53,23,30,22
"B60 4DY",68,31,37,25
"B60 4DZ",68,30,38,30
"B60 4EB",68,34,34,30
"B60 4ED",5,1,4,3
"B60 4EE",2,1,1,1
"B60 4EF",11,7,4,4
"B60 4EG",14,6,8,7
"B60 4EH",33,19,14,16
"B60 4EJ",14,8,6,8
"B60 4EL",11,7,4,7
"B60 4EN",10,5,5,5
"B60 4EP",13,5,8,7
"B60 4EQ",25,11,14,10
"B60 4ER",19,9,10,8
"B60 4ES",23,13,10,18
"B60 4ET",27,12,15,11
"B60 4EU",32,11,21,15
"B60 4EW",22,11,11,13
"B60 4EX",5,3,2,3
"B60 4EY",11,5,6,4
"B60 4EZ",5,3,2,1
"B60 4FD",3,1,2,1
"B60 4FJ",60,26,34,18
"B60 4HA",15,7,8,7
"B60 4HB",7,5,2,5
"B60 4HD",6,3,3,4
"B60 4HE",39,22,17,20
"B60 4HF",17,11,6,8
"B60 4HG",23,9,14,11
"B60 4HH",14,7,7,6
"B60 4HJ",16,7,9,7
"B60 4HL",5,2,3,2
"B60 4HN",9,5,4,3
"B60 4HP",7,3,4,3
"B60 4HQ",5,3,2,2
"B60 4HS",14,8,6,7
"B60 4HT",14,6,8,5
"B60 4HU",4,2,2,1
"B60 4HW",2,1,1,1
"B60 4HX",9,6,3,3
"B60 4HY",6,2,4,4
"B60 4HZ",1,0,1,1
"B60 4JA",12,7,5,5
"B60 4JB",12,6,6,4
"B60 4JD",4,3,1,1
"B60 4JE",1,0,1,1
"B60 4JN",43,26,17,17
"B60 4JP",76,43,33,27
"B60 4JR",4,3,1,2
"B60 4JT",22,14,8,7
"B60 4JU",4,2,2,1
"B60 4JW",27,11,16,14
"B60 4JX",34,13,21,16
"B60 4JY",9,6,3,2
"B60 4JZ",13,6,7,8
"B60 4LA",14,9,5,7
"B60 4LB",13,6,7,4
"B60 4LD",85,44,41,42
"B60 4LE",16,10,6,6
"B60 4LF",4,3,1,1
"B60 4LG",21,8,13,8
"B60 4LH",17,8,9,8
"B60 4LQ",21,12,9,6
"B60 4LR",33,17,16,15
"B60 4LS",43,22,21,17
"B60 4LU",27,11,16,12
"B60 4LX",25,10,15,9
"B60 4LY",17,9,8,7
"B60 4LZ",136,70,66,61
"B60 4NA",38,22,16,22
"B60 4NB",72,40,32,41
"B60 4ND",79,32,47,42
"B60 4NE",18,8,10,11
"B60 4NF",154,77,77,67
"B60 4NG",176,90,86,65
"B60 4NH",147,80,67,55
"B60 4NN",99,52,47,33
"B60 4NQ",41,21,20,17
"B60 4NW",58,30,28,20
"B61 0AB",4,2,2,2
"B61 0AE",76,41,35,26
"B61 0AF",58,22,36,34
"B61 0AG",108,48,60,47
"B61 0AH",46,23,23,21
"B61 0AJ",26,12,14,10
"B61 0AL",115,57,58,55
"B61 0AN",113,48,65,30
"B61 0AP",53,20,33,22
"B61 0AQ",95,41,54,42
"B61 0AR",44,19,25,19
"B61 0AS",26,13,13,10
"B61 0AT",39,20,19,14
"B61 0AU",56,29,27,19
"B61 0AW",25,15,10,12
"B61 0AX",114,53,61,52
"B61 0AY",65,34,31,32
"B61 0BA",4,2,2,3
"B61 0BB",1,1,0,0
"B61 0BD",60,29,31,17
"B61 0BE",43,21,22,18
"B61 0BF",70,37,33,23
"B61 0BG",30,12,18,10
"B61 0BH",16,6,10,7
"B61 0BJ",4,2,2,0
"B61 0BL",6,3,3,4
"B61 0BN",33,20,13,12
"B61 0BP",8,5,3,4
"B61 0BQ",27,12,15,9
"B61 0BS",34,16,18,14
"B61 0BT",30,12,18,13
"B61 0BU",14,6,8,4
"B61 0BW",21,12,9,7
"B61 0BX",14,7,7,6
"B61 0DA",11,4,7,5
"B61 0DB",18,10,8,6
"B61 0DD",6,2,4,5
"B61 0DF",38,22,16,26
"B61 0DH",14,7,7,5
"B61 0DJ",17,8,9,6
"B61 0DL",73,38,35,27
"B61 0DP",37,17,20,13
"B61 0DQ",10,4,6,5
"B61 0DR",43,25,18,23
"B61 0DS",78,37,41,33
"B61 0DT",147,76,71,54
"B61 0DU",52,24,28,19
"B61 0DW",116,58,58,50
"B61 0DX",99,45,54,71
"B61 0DY",29,11,18,9
"B61 0EA",67,32,35,27
"B61 0EB",13,5,8,5
"B61 0ED",63,26,37,32
"B61 0EE",4,2,2,2
"B61 0EF",14,6,8,7
"B61 0EG",6,3,3,4
"B61 0EH",127,56,71,50
"B61 0EJ",55,22,33,22
"B61 0EL",83,43,40,36
"B61 0EN",81,41,40,33
"B61 0EP",35,16,19,12
"B61 0EQ",20,10,10,6
"B61 0ER",53,28,25,19
"B61 0ES",23,15,8,9
"B61 0ET",9,3,6,4
"B61 0EU",15,9,6,5
"B61 0EW",19,10,9,9
"B61 0EX",15,7,8,0
"B61 0EY",34,21,13,14
"B61 0EZ",58,26,32,27
"B61 0FL",20,11,9,8
"B61 0FQ",7,5,2,5
"B61 0HA",15,8,7,5
"B61 0HB",14,6,8,6
"B61 0HD",8,5,3,3
"B61 0HE",65,35,30,24
"B61 0HG",51,25,26,28
"B61 0HH",32,16,16,14
"B61 0HJ",111,53,58,50
"B61 0HL",67,31,36,20
"B61 0HN",37,19,18,14
"B61 0HQ",22,13,9,10
"B61 0HR",16,7,9,9
"B61 0HS",92,44,48,35
"B61 0HT",56,29,27,25
"B61 0HU",15,6,9,6
"B61 0HX",22,12,10,5
"B61 0HY",45,24,21,17
"B61 0HZ",76,36,40,38
"B61 0JA",15,8,7,5
"B61 0JD",54,29,25,18
"B61 0JE",65,30,35,25
"B61 0JF",42,20,22,19
"B61 0JG",57,27,30,24
"B61 0JH",3,1,2,2
"B61 0JJ",82,44,38,31
"B61 0JL",14,7,7,7
"B61 0JP",88,47,41,37
"B61 0JQ",27,14,13,13
"B61 0JS",17,8,9,9
"B61 0JT",61,31,30,26
"B61 0JU",67,34,33,26
"B61 0JX",21,11,10,14
"B61 0JY",58,29,29,21
"B61 0JZ",31,16,15,16
"B61 0LA",56,32,24,24
"B61 0LB",4,1,3,3
"B61 0LD",111,56,55,49
"B61 0LE",78,37,41,39
"B61 0LF",38,19,19,16
"B61 0LG",107,58,49,49
"B61 0LH",14,6,8,7
"B61 0LJ",80,38,42,38
"B61 0LL",15,7,8,7
"B61 0LN",96,41,55,41
"B61 0LP",114,49,65,46
"B61 0LQ",50,20,30,20
"B61 0LR",50,24,26,17
"B61 0LS",80,35,45,32
"B61 0LT",88,40,48,35
"B61 0LU",73,34,39,35
"B61 0LW",61,22,39,34
"B61 0LX",40,20,20,16
"B61 0LY",56,28,28,19
"B61 0LZ",17,4,13,10
"B61 0NA",27,16,11,11
"B61 0NB",84,44,40,47
"B61 0ND",84,38,46,44
"B61 0NE",83,48,35,39
"B61 0NF",97,46,51,34
"B61 0NG",83,48,35,39
"B61 0NH",39,16,23,19
"B61 0NJ",50,24,26,27
"B61 0NN",42,21,21,15
"B61 0NP",127,70,57,63
"B61 0NQ",113,54,59,52
"B61 0NR",76,35,41,40
"B61 0NS",2,1,1,1
"B61 0NT",102,56,46,41
"B61 0NU",39,19,20,16
"B61 0NX",73,39,34,28
"B61 0NY",75,35,40,30
"B61 0NZ",42,17,25,19
"B61 0PA",41,17,24,19
"B61 0PB",64,30,34,28
"B61 0PD",62,29,33,25
"B61 0PE",32,18,14,14
"B61 0PF",58,30,28,23
"B61 0PG",63,30,33,24
"B61 0PH",135,63,72,44
"B61 0PJ",103,49,54,44
"B61 0PL",35,17,18,17
"B61 0PN",76,41,35,38
"B61 0PP",51,27,24,21
"B61 0PQ",99,47,52,38
"B61 0PR",24,10,14,11
"B61 0PS",45,18,27,16
"B61 0PT",58,30,28,24
"B61 0PU",15,7,8,7
"B61 0PW",6,2,4,6
"B61 0PX",28,16,12,10
"B61 0PY",67,36,31,26
"B61 0QB",12,7,5,3
"B61 0QD",38,12,26,4
"B61 0QE",5,3,2,2
"B61 0QF",2,1,1,1
"B61 0QG",12,5,7,5
"B61 0QH",4,2,2,1
"B61 0QJ",4,3,1,2
"B61 0QL",56,28,28,17
"B61 0QP",2,1,1,1
"B61 0QQ",11,8,3,6
"B61 0QR",2,1,1,1
"B61 0QU",11,5,6,6
"B61 0QW",3,1,2,2
"B61 0QX",6,2,4,1
"B61 0QY",19,9,10,7
"B61 0RA",4,3,1,3
"B61 0RB",35,19,16,15
"B61 0RD",4,2,2,3
"B61 0RF",19,9,10,5
"B61 0RG",6,3,3,2
"B61 0RH",26,15,11,11
"B61 0RJ",24,14,10,10
"B61 0RQ",4,2,2,2
"B61 0RR",33,14,19,11
"B61 0RS",80,39,41,22
"B61 0RT",51,20,31,16
"B61 0RU",59,33,26,22
"B61 0RX",34,17,17,11
"B61 0RY",41,21,20,13
"B61 0RZ",55,30,25,17
"B61 0SA",47,21,26,17
"B61 0SB",84,39,45,30
"B61 0SD",33,15,18,11
"B61 0SE",32,18,14,8
"B61 0SF",16,10,6,5
"B61 0TA",113,62,51,55
"B61 0TD",32,16,16,14
"B61 0TE",100,48,52,34
"B61 0TF",25,10,15,12
"B61 0TG",165,82,83,62
"B61 0TH",26,14,12,10
"B61 0TJ",71,41,30,29
"B61 0TN",98,50,48,38
"B61 0TQ",67,31,36,23
"B61 0TR",67,28,39,39
"B61 0TS",56,27,29,22
"B61 0TT",53,23,30,26
"B61 0TW",84,40,44,34
"B61 0TZ",51,22,29,15
"B61 0UA",60,30,30,21
"B61 0UB",69,29,40,22
"B61 0UD",39,22,17,16
"B61 0UE",70,38,32,27
"B61 0UF",42,22,20,14
"B61 0UG",47,28,19,16
"B61 0UH",52,27,25,23
"B61 0UJ",59,30,29,17
"B61 0UL",41,20,21,14
"B61 0UN",59,32,27,22
"B61 0UP",91,44,47,32
"B61 0UQ",42,18,24,19
"B61 0UW",72,33,39,22
"B61 7AE",25,15,10,17
"B61 7AG",5,3,2,4
"B61 7AN",14,10,4,9
"B61 7AP",21,11,10,8
"B61 7AS",24,14,10,11
"B61 7AT",9,3,6,6
"B61 7AX",13,7,6,10
"B61 7AY",1,1,0,1
"B61 7AZ",21,10,11,7
"B61 7BB",14,7,7,6
"B61 7BD",106,51,55,46
"B61 7BE",26,13,13,9
"B61 7BG",14,7,7,8
"B61 7BH",48,21,27,21
"B61 7BJ",104,49,55,35
"B61 7BL",36,21,15,13
"B61 7BN",27,14,13,11
"B61 7BP",119,60,59,55
"B61 7BQ",39,16,23,15
"B61 7BS",53,28,25,22
"B61 7BT",21,9,12,10
"B61 7BU",54,21,33,28
"B61 7BW",30,16,14,11
"B61 7BX",70,34,36,25
"B61 7BY",19,10,9,7
"B61 7BZ",24,10,14,11
"B61 7DA",74,33,41,30
"B61 7DB",16,9,7,8
"B61 7DD",9,5,4,6
"B61 7DE",53,26,27,22
"B61 7DF",18,10,8,9
"B61 7DL",5,3,2,4
"B61 7DN",4,3,1,3
"B61 7DQ",55,29,26,39
"B61 7DT",33,16,17,19
"B61 7DU",385,217,168,3
"B61 7DY",113,61,52,71
"B61 7EB",83,39,44,32
"B61 7ED",54,29,25,21
"B61 7EF",2,1,1,1
"B61 7EG",8,4,4,4
"B61 7EH",17,9,8,6
"B61 7EJ",6,3,3,3
"B61 7EL",18,7,11,8
"B61 7EN",3,1,2,1
"B61 7EP",2,1,1,1
"B61 7EQ",7,2,5,4
"B61 7ER",9,6,3,3
"B61 7ET",10,6,4,5
"B61 7EU",10,4,6,4
"B61 7EW",35,22,13,16
"B61 7EY",21,11,10,8
"B61 7EZ",6,3,3,2
"B61 7HA",12,6,6,6
"B61 7HB",16,7,9,8
"B61 7HD",31,16,15,12
"B61 7HE",155,79,76,51
"B61 7HF",40,23,17,21
"B61 7HG",21,8,13,11
"B61 7HJ",35,19,16,12
"B61 7HL",61,32,29,17
"B61 7HN",46,22,24,21
"B61 7HP",6,3,3,3
"B61 7HW",8,4,4,5
"B61 7HX",15,6,9,6
"B61 7HY",1,1,0,1
"B61 7HZ",5,3,2,3
"B61 7JA",82,35,47,22
"B61 7JB",3,1,2,2
"B61 7JD",2,1,1,1
"B61 7JE",43,23,20,18
"B61 7JF",96,42,54,36
"B61 7JG",81,47,34,32
"B61 7JH",3,1,2,3
"B61 7JL",11,5,6,4
"B61 7JP",12,6,6,6
"B61 7JR",10,4,6,10
"B61 7JS",13,4,9,8
"B61 7JT",4,0,4,4
"B61 7JU",14,6,8,7
"B61 7JW",12,6,6,6
"B61 7JX",19,10,9,8
"B61 7JY",22,11,11,7
"B61 7JZ",2,1,1,1
"B61 7LA",7,4,3,5
"B61 7LD",68,37,31,28
"B61 7LE",16,8,8,5
"B61 7LF",55,27,28,18
"B61 7LG",19,9,10,8